# Sensor: Rotor
# Record count: 404
# Storage mode: Memory
# Datetime of save: 2026-04-08T11:32:51
# Statistical parameters for each field (time series) are placed above the column of the respective time series.

# Results earlier than the 'Statistics start time' (see below) are not included when calculating the statistic variables.
# Statistics start time: 0 s

# Column
1	2	3	4	5	6	7	8	9	10	11	12	13	14	15	16	17	18	19	20	21	22	23	24	25	26	27	
Time [s]	Power (aero) [k W]	Torque (aero) [k Nm]	Thrust (aero) [k N]	RPM [rpm]	TSR []	Representative demanded pitch angle [°]	Power coef. (CP) [%]	Thrust coef. (CT) [%]	Torque coef. (CQ) [%]	Tip speed [m/s]	1P (one revolution) [s]	nP (blade passing) [s]	Azimuth angle [°]	Rotation per timestep [°]	Wind speed at hub, magnitude [m/s]	Wind speed at hub.x [m/s]	Wind speed at hub.y [m/s]	Wind speed at hub.z [m/s]	Turbulence at hub (local).x [m/s]	Turbulence at hub (local).y [m/s]	Turbulence at hub (local).z [m/s]	Wind angle at hub [°]	Yaw angle relative to forward [°]	Yaw angle to reference direction [°]	Yaw error [°]	Torque about yaw axis [Nm]
----------	----------	----------	----------	----------	----------	----------	----------	----------	----------	----------	----------	----------	----------	----------	----------	----------	----------	----------	----------	----------	----------	----------	----------	----------	----------	----------
Min	-119.365 [0.3s]	-238.729 [0.3s]	70.7173 [0.3s]	4.77465 [0.3s]	0 [0s]	0 [0s]	-1.52388 [0.3s]	7.22256 [0.3s]	-0.273446 [0.3s]	44.583 [0.3s]	7.6284 [36.6s]	2.5428 [36.6s]	0 [0s]	8.59437 [0.3s]	0 [0s]	-1.08502 [78s]	-9.73646 [108s]	-0.872607 [51.3s]	0 [0s]	0 [0s]	0 [0s]	-6.86923 [11.7s]	-0.0584166 [32.7s]	-0.0584166 [32.7s]	-0.0584166 [32.7s]	-2.97862e+06 [32.7s]
Max	5449.88 [20.7s]	8879.91 [2.1s]	1044.62 [30.9s]	7.86534 [36.6s]	10.4988 [34.2s]	0 [0s]	69.5764 [20.7s]	106.69 [30.9s]	10.1713 [2.1s]	73.4422 [36.6s]	12.5664 [0.3s]	4.18879 [0.3s]	359.818 [100.5s]	14.1576 [36.6s]	9.75665 [108s]	0.965077 [117.6s]	0 [0s]	0.722943 [34.2s]	0 [0s]	0 [0s]	0 [0s]	7.88664 [78s]	0.0578245 [114s]	0.0578245 [114s]	0.0578245 [114s]	3.24877e+06 [53.4s]
Mean	4151.94	5571.53	909.521	7.25151	8.3328	0	53.0062	92.892	6.38176	67.7105	8.44905	2.81635	174.547	13.0527	8.11828	-0.0564265	-8.10256	-0.0700216	0	0	0	0.342179	0.00034102	0.00034102	0.00034102	298719
Standard deviation	491.078	1132.4	110.104	0.903767	1.18638	0	6.2694	11.2452	1.29708	8.43887	1.41305	0.471015	103.994	1.62678	0.731752	0.409859	0.728836	0.289607	0	0	0	2.88026	0.0187787	0.0187787	0.0187787	1.2258e+06
----------	----------	----------	----------	----------	----------	----------	----------	----------	----------	----------	----------	----------	----------	----------	----------	----------	----------	----------	----------	----------	----------	----------	----------	----------	----------	----------
0	0	0	931.999	4.77465	0	0	0	95.1877	0	44.583	12.5664	4.18879	0	8.59437	0	0	0	0	0	0	0	0	0	0	0	0
0.3	-119.365	-238.729	70.7173	4.77465	5.45567	0	-1.52388	7.22256	-0.273446	44.583	12.5664	4.18879	0	8.59437	8.17187	0.260169	-8.16443	0.231939	0	0	0	-1.82518	0	0	0	-0.00308913
0.6	4275.14	8550.28	620.571	4.77465	5.62588	0	54.5791	63.3807	9.79369	44.5831	12.5664	4.18879	8.59437	8.59438	7.92464	0.385487	-7.9038	0.425789	0	0	0	-2.79224	0	0	0	-88233.9
0.9	4269	8537.95	627.089	4.77468	5.76935	0	54.5007	64.0464	9.77957	44.5833	12.5663	4.18876	17.1887	8.59442	7.72761	0.314904	-7.71534	0.300354	0	0	0	-2.33725	-1.70755e-06	-1.70755e-06	-1.70755e-06	-541099
1.2	4382.19	8764.21	635.36	4.77475	5.82031	0	55.9458	64.8911	10.0387	44.5839	12.5661	4.18871	25.7831	8.59454	7.66006	0.517486	-7.64103	0.152696	0	0	0	-3.87442	-2.09131e-06	-2.09131e-06	-2.09131e-06	-175016
1.5	4293.55	8586.69	632.018	4.77488	5.67538	0	54.8141	64.5498	9.83539	44.5852	12.5658	4.18859	34.3776	8.59478	7.85589	0.391963	-7.84556	-0.0927894	0	0	0	-2.86011	0	0	0	-90806
1.8	4393.66	8786.45	639.794	4.77512	5.77786	0	56.0922	65.3439	10.0642	44.5874	12.5651	4.18838	42.9723	8.59522	7.71695	0.401136	-7.70644	-0.0348582	0	0	0	-2.97968	-4.43634e-06	-4.43634e-06	-4.43634e-06	-235747
2.1	4440.76	8879.91	643.158	4.77552	5.86424	0	56.6934	65.6876	10.1713	44.5911	12.5641	4.18803	51.5673	8.59593	7.6039	0.270953	-7.5986	-0.0851946	0	0	0	-2.0422	-6.15665e-06	-6.15665e-06	-6.15665e-06	-86673
2.4	4386.48	8770.28	642.597	4.77611	5.90119	0	56.0005	65.6303	10.0457	44.5966	12.5625	4.18751	60.1629	8.59699	7.55723	0.162685	-7.5553	-0.0511154	0	0	0	-1.23353	6.15665e-06	6.15665e-06	6.15665e-06	39949.5
2.7	4224.6	8445.15	635.898	4.77693	5.94885	0	53.9338	64.9461	9.67328	44.6043	12.5604	4.18679	68.7593	8.59848	7.49797	0.210519	-7.49451	-0.0865683	0	0	0	-1.609	4.8852e-05	4.8852e-05	4.8852e-05	451806
3	4171.28	8336.65	637.117	4.77803	5.88513	0	53.2531	65.0706	9.549	44.6146	12.5575	4.18582	77.3571	8.60046	7.58091	-0.0667252	-7.58009	-0.0892448	0	0	0	0.504344	0.000164056	0.000164056	0.000164056	1.2343e+06
3.3	4244.98	8481.34	641.866	4.77951	5.98171	0	54.194	65.5556	9.71472	44.6284	12.5536	4.18453	85.9565	8.60311	7.46081	-0.145402	-7.45916	0.0588565	0	0	0	1.11673	0.000232397	0.000232397	0.000232397	1.16319e+06
3.6	4224.61	8437.27	642.374	4.78141	5.89269	0	53.934	65.6075	9.66426	44.6462	12.5486	4.18286	94.5583	8.60654	7.57654	-0.105023	-7.57551	-0.0678805	0	0	0	0.79427	0.000243742	0.000243742	0.000243742	1.13004e+06
3.9	4178	8340.02	638.282	4.7838	5.97662	0	53.3389	65.1896	9.55285	44.6685	12.5423	4.18078	103.163	8.61084	7.47387	-0.210446	-7.4701	-0.109554	0	0	0	1.61369	0.000254278	0.000254278	0.000254278	833730
4.2	4053.2	8086.01	631.177	4.78669	6.12782	0	51.7456	64.464	9.26191	44.6954	12.5348	4.17825	111.772	8.61604	7.29386	-0.244251	-7.28875	0.121646	0	0	0	1.9193	0.000224577	0.000224577	0.000224577	719880
4.5	3949.87	7874.23	624.665	4.79011	6.2206	0	50.4264	63.7989	9.01933	44.7274	12.5258	4.17527	120.385	8.6222	7.19021	-0.19032	-7.18138	0.300895	0	0	0	1.51809	0.000143462	0.000143462	0.000143462	329699
4.8	3987.79	7943.06	624.372	4.79419	6.0714	0	50.9105	63.7689	9.09817	44.7655	12.5151	4.17171	129.004	8.62955	7.37318	-0.302428	-7.36264	0.252557	0	0	0	2.35216	-4.11232e-05	-4.11232e-05	-4.11232e-05	-61480.9
5.1	4016.65	7992.42	626.191	4.79907	6.18138	0	51.279	63.9547	9.15471	44.811	12.5024	4.16747	137.63	8.63832	7.24936	-0.255562	-7.23949	0.278692	0	0	0	2.02176	-0.00034794	-0.00034794	-0.00034794	-580816
5.4	4075.48	8099.74	629.693	4.80485	6.27159	0	52.0301	64.3123	9.27764	44.865	12.4874	4.16247	146.264	8.64872	7.15368	-0.378685	-7.139	0.257897	0	0	0	3.03638	-0.000599967	-0.000599967	-0.000599967	-721252
5.7	3975.31	7889.74	627.305	4.81149	6.20831	0	50.7512	64.0685	9.03709	44.927	12.4701	4.15671	154.908	8.66069	7.2366	-0.439647	-7.22002	0.215321	0	0	0	3.4846	-0.000954276	-0.000954276	-0.000954276	-1.18209e+06
6	4027.39	7980.48	630.679	4.8191	6.14513	0	51.4161	64.413	9.14103	44.9981	12.4505	4.15015	163.562	8.67438	7.32257	-0.151732	-7.31264	0.349526	0	0	0	1.18867	-0.000855275	-0.000855275	-0.000855275	-641141
6.3	3909.11	7732.33	624.08	4.82768	6.1403	0	49.906	63.7391	8.85679	45.0782	12.4283	4.14277	172.23	8.68983	7.34137	0.185243	-7.33393	0.273581	0	0	0	-1.44689	-7.83381e-05	-7.83381e-05	-7.83381e-05	-137465
6.6	3881.05	7661.7	629.051	4.83722	6.14172	0	49.5479	64.2468	8.77589	45.1673	12.4038	4.1346	180.912	8.707	7.35417	0.100096	-7.34128	0.423692	0	0	0	-0.781162	0.000167903	0.000167903	0.000167903	33464.7
6.9	4016.76	7911.79	640.959	4.84811	6.12767	0	51.2804	65.463	9.06235	45.269	12.3759	4.12532	189.61	8.7266	7.38763	0.282671	-7.36255	0.538512	0	0	0	-2.19868	0.00037698	0.00037698	0.00037698	299564
7.2	3973.05	7805.94	640.651	4.86038	6.03632	0	50.7224	65.4315	8.94111	45.3836	12.3447	4.1149	198.327	8.74869	7.51841	0.311075	-7.50349	0.356818	0	0	0	-2.37397	0.000764235	0.000764235	0.000764235	403478
7.5	3966.93	7772.25	641.523	4.87393	5.96996	0	50.6442	65.5206	8.90253	45.51	12.3104	4.10347	207.065	8.77307	7.62317	0.452226	-7.60936	0.0765851	0	0	0	-3.40111	0.000708066	0.000708066	0.000708066	511787
7.8	3868.33	7556.23	638.197	4.88866	6.05146	0	49.3855	65.1809	8.65509	45.6476	12.2733	4.0911	215.826	8.79959	7.54324	0.454528	-7.52952	-0.0139949	0	0	0	-3.45453	-6.27393e-06	-6.27393e-06	-6.27393e-06	-130760
8.1	3844.53	7485.31	637.952	4.90461	6.0862	0	49.0816	65.1559	8.57385	45.7965	12.2334	4.0778	224.612	8.8283	7.52464	0.538187	-7.50533	0.0247272	0	0	0	-4.1015	-0.000423275	-0.000423275	-0.000423275	-54587.2
8.4	3931.49	7627.26	644.8	4.92221	6.13674	0	50.1918	65.8553	8.73644	45.9609	12.1896	4.06321	233.426	8.85998	7.48946	0.482729	-7.47164	-0.183537	0	0	0	-3.69664	-0.000117393	-0.000117393	-0.000117393	-110952
8.7	3978.22	7687.49	651.402	4.94169	6.11666	0	50.7883	66.5296	8.80543	46.1428	12.1416	4.0472	242.27	8.89504	7.54378	0.440727	-7.53069	-0.0553741	0	0	0	-3.34936	-7.89129e-05	-7.89129e-05	-7.89129e-05	88541.1
9	4159.96	8003.45	666.956	4.96345	6.1086	0	53.1085	68.1181	9.16734	46.3459	12.0884	4.02946	251.148	8.9342	7.58699	0.576014	-7.56259	0.194687	0	0	0	-4.3556	0.000348723	0.000348723	0.000348723	273372
9.3	4168.47	7981.25	667.511	4.98743	6.16601	0	53.2172	68.1748	9.14191	46.5698	12.0302	4.01008	260.062	8.97738	7.55267	0.644804	-7.52509	-0.0111236	0	0	0	-4.89755	0.00123305	0.00123305	0.00123305	636002
9.6	4162.5	7928.81	666.793	5.01323	6.22062	0	53.141	68.1015	9.08185	46.8107	11.9683	3.98944	269.018	9.02381	7.5251	0.459145	-7.51101	-0.0330137	0	0	0	-3.49811	0.0018295	0.0018295	0.0018295	825709
9.9	4163.85	7887.91	669.702	5.04087	6.26554	0	53.1583	68.3986	9.035	47.0688	11.9027	3.96757	278.019	9.07356	7.51232	0.547909	-7.4919	0.0787262	0	0	0	-4.18279	0.00309357	0.00309357	0.00309357	1.17404e+06
10.2	4089.73	7702.82	668.829	5.0701	6.33038	0	52.212	68.3094	8.82299	47.3418	11.8341	3.9447	287.067	9.12618	7.47851	0.583442	-7.45275	0.210088	0	0	0	-4.4763	0.00313545	0.00313545	0.00313545	815570
10.5	4012.37	7511.83	667.003	5.10066	6.38061	0	51.2243	68.1229	8.60423	47.6271	11.7632	3.92106	296.167	9.18119	7.46435	0.600801	-7.43676	0.224058	0	0	0	-4.61879	0.00216718	0.00216718	0.00216718	675706
10.8	4002.23	7445.97	671.499	5.13277	6.46613	0	51.0949	68.5821	8.52879	47.927	11.6896	3.89653	305.321	9.23899	7.41201	0.676501	-7.36975	0.408646	0	0	0	-5.24473	0.00270444	0.00270444	0.00270444	562134
11.1	3995.6	7384.82	675.376	5.1667	6.38591	0	51.0102	68.9781	8.45875	48.2438	11.6128	3.87094	314.531	9.30006	7.55472	0.832652	-7.49947	0.371981	0	0	0	-6.33549	0.00311589	0.00311589	0.00311589	639816
11.4	4151.71	7619.47	689.301	5.20324	6.32597	0	53.0033	70.4003	8.72752	48.585	11.5313	3.84376	323.801	9.36584	7.68024	0.872763	-7.61821	0.432777	0	0	0	-6.53547	0.00146186	0.00146186	0.00146186	202378
11.7	4192.03	7635.7	695.357	5.2426	6.2327	0	53.518	71.0188	8.74612	48.9525	11.4447	3.8149	333.134	9.43668	7.85413	0.937359	-7.78095	0.515248	0	0	0	-6.86923	-0.00161183	-0.00161183	-0.00161183	-241660
12	4394.03	7939.17	713.56	5.28518	6.2854	0	56.0969	72.878	9.09371	49.3501	11.3525	3.78417	342.535	9.51332	7.85153	0.736785	-7.80984	0.331769	0	0	0	-5.38936	-0.00179818	-0.00179818	-0.00179818	-127160
12.3	4368.89	7826.48	718.398	5.3306	6.38056	0	55.7759	73.372	8.96464	49.7741	11.2558	3.75193	352.01	9.59507	7.8009	0.862626	-7.7497	0.228419	0	0	0	-6.3515	-0.000546647	-0.000546647	-0.000546647	-116243
12.6	4339.37	7705.46	722.777	5.37774	6.30804	0	55.3991	73.8192	8.82602	50.2143	11.1571	3.71903	1.56401	9.67993	7.96037	0.904926	-7.90708	0.163443	0	0	0	-6.52882	-0.00254252	-0.00254252	-0.00254252	-408884
12.9	4269.05	7512.72	722.64	5.42632	6.31717	0	54.5013	73.8053	8.60525	50.668	11.0572	3.68574	11.2015	9.76738	8.02067	0.784446	-7.98111	-0.133492	0	0	0	-5.61345	-0.00182787	-0.00182787	-0.00182787	-62936.5
13.2	4181.66	7292.28	721.868	5.47592	6.30239	0	53.3857	73.7264	8.35275	51.1311	10.9571	3.65236	20.9252	9.85665	8.11297	0.512874	-8.09597	-0.111486	0	0	0	-3.62481	0.00146527	0.00146527	0.00146527	160457
13.5	4127.68	7132.16	720.712	5.52658	6.29055	0	52.6965	73.6084	8.16934	51.6041	10.8566	3.61887	30.7372	9.94785	8.20344	0.627656	-8.17845	0.124169	0	0	0	-4.38857	0.00408457	0.00408457	0.00408457	806666
13.8	4182.7	7159.14	726.298	5.57914	6.21669	0	53.3989	74.1789	8.20025	52.0949	10.7543	3.58478	40.6394	10.0424	8.37985	0.378957	-8.37089	0.0796661	0	0	0	-2.59205	0.00673005	0.00673005	0.00673005	935636
14.1	4150.2	7034.82	727.719	5.63362	6.17665	0	52.984	74.3241	8.05785	52.6036	10.6503	3.55012	50.6346	10.1405	8.51653	0.0745372	-8.5162	0.000772229	0	0	0	-0.501463	0.00728122	0.00728122	0.00728122	1.17707e+06
14.4	4127.09	6926.92	734.014	5.68951	6.15191	0	52.6889	74.9669	7.93426	53.1255	10.5457	3.51524	60.7261	10.2411	8.63561	-0.157385	-8.63417	0.0107957	0	0	0	1.04428	0.00865447	0.00865447	0.00865447	1.25183e+06
14.7	4362.15	7246.08	757.706	5.74869	6.21067	0	55.6899	77.3867	8.29983	53.6781	10.4372	3.47905	70.9169	10.3476	8.64288	-0.392518	-8.62983	-0.267113	0	0	0	2.60424	0.00545265	0.00545265	0.00545265	641966
15	4511.94	7413.45	772.962	5.81185	6.36892	0	57.6022	78.9448	8.49154	54.2678	10.3237	3.44124	81.2113	10.4613	8.52073	-0.328434	-8.50358	-0.429109	0	0	0	2.21184	0.00340867	0.00340867	0.00340867	833128
15.3	4629.08	7521.08	789.163	5.87741	6.52494	0	59.0977	80.5995	8.61483	54.88	10.2086	3.40286	91.6158	10.5793	8.4108	-0.512933	-8.37844	-0.529376	0	0	0	3.50331	0.00480028	0.00480028	0.00480028	465684
15.6	4791.03	7695.49	809.946	5.94517	6.54605	0	61.1652	82.7221	8.8146	55.5127	10.0922	3.36408	102.136	10.7013	8.48034	-0.744328	-8.43467	-0.467367	0	0	0	5.04308	-0.00341796	-0.00341796	-0.00341796	-232456
15.9	4841.35	7686.72	817.65	6.01446	6.57794	0	61.8076	83.5089	8.80455	56.1596	9.97596	3.32532	112.776	10.826	8.53758	-0.817193	-8.49608	-0.197406	0	0	0	5.49408	-0.00711496	-0.00711496	-0.00711496	-643830
16.2	4509.86	7082.06	803.099	6.081	6.50865	0	57.5756	82.0228	8.11196	56.781	9.8668	3.28893	123.54	10.9458	8.72392	-1.0291	-8.66294	-0.0338555	0	0	0	6.77459	-0.00781671	-0.00781671	-0.00781671	-1.20666e+06
16.5	4601.23	7149.9	821.347	6.14534	6.70395	0	58.7421	83.8865	8.18966	57.3817	9.7635	3.2545	134.426	11.0616	8.55939	-0.997941	-8.49984	-0.141292	0	0	0	6.69627	-0.014817	-0.014817	-0.014817	-1.60636e+06
16.8	4470.56	6876.04	821.948	6.20861	6.8098	0	57.0738	83.9479	7.87599	57.9725	9.664	3.22133	145.43	11.1755	8.5131	-0.878196	-8.46672	0.127578	0	0	0	5.92173	-0.00502984	-0.00502984	-0.00502984	-431436
17.1	4796.68	7302.15	847.257	6.2728	6.95002	0	61.2374	86.5328	8.36406	58.5719	9.5651	3.18837	156.548	11.291	8.4276	-0.810462	-8.3872	0.149589	0	0	0	5.5194	0.00820113	0.00820113	0.00820113	393800
17.4	4526.99	6822.55	832.687	6.33627	7.04931	0	57.7942	85.0447	7.81471	59.1645	9.46929	3.15643	167.782	11.4053	8.39296	-0.668303	-8.36629	-0.0187682	0	0	0	4.56712	0.00681398	0.00681398	0.00681398	739277
17.7	4650.88	6942.04	849.98	6.39763	7.18128	0	59.376	86.8109	7.95158	59.7375	9.37847	3.12616	179.13	11.5157	8.3185	-0.495018	-8.29908	-0.278584	0	0	0	3.41349	0.0127273	0.0127273	0.0127273	1.32677e+06
18	4849.62	7168.2	867.905	6.46054	7.19497	0	61.9132	88.6416	8.21063	60.3249	9.28715	3.09572	190.59	11.629	8.38431	-0.437831	-8.36394	-0.386617	0	0	0	2.99655	0.0126126	0.0126126	0.0126126	958529
18.3	4988.12	7299.89	883.855	6.52517	7.2476	0	63.6813	90.2707	8.36147	60.9284	9.19517	3.06506	202.163	11.7453	8.4067	-0.51412	-8.38726	-0.2493	0	0	0	3.50771	0.000225627	0.000225627	0.000225627	331930
18.6	4922.56	7134.21	884.84	6.58895	7.40998	0	62.8444	90.3712	8.1717	61.5239	9.10616	3.03539	213.85	11.8601	8.30285	-0.52215	-8.2845	-0.177997	0	0	0	3.60643	0.00977865	0.00977865	0.00977865	1.27469e+06
18.9	4708.26	6762.79	877.274	6.64822	7.51628	0	60.1085	89.5985	7.74626	62.0774	9.02497	3.00832	225.652	11.9668	8.25906	-0.515952	-8.2423	-0.101991	0	0	0	3.58193	0.00847729	0.00847729	0.00847729	297002
19.2	4471.01	6370.73	869.499	6.70175	7.59801	0	57.0796	88.8044	7.29718	62.5772	8.95289	2.9843	237.566	12.0631	8.236	-0.644511	-8.21062	0.0441201	0	0	0	4.48835	-0.0154778	-0.0154778	-0.0154778	-880901
19.5	4762.46	6733.17	895.175	6.75434	7.60282	0	60.8004	91.4268	7.71234	63.0682	8.88318	2.96106	249.581	12.1578	8.29537	-0.649334	-8.2697	-0.0606918	0	0	0	4.48964	-0.0183035	-0.0183035	-0.0183035	-1.55154e+06
19.8	4986.36	6992.18	922.724	6.80993	7.57369	0	63.6589	94.2404	8.00901	63.5873	8.81066	2.93689	261.691	12.2579	8.39582	-0.705112	-8.36307	-0.227605	0	0	0	4.81936	-0.0125739	-0.0125739	-0.0125739	-1.13571e+06
20.1	5126.22	7128.35	939.363	6.86719	7.66906	0	65.4444	95.9399	8.16499	64.122	8.73719	2.9124	273.899	12.3609	8.36114	-0.522799	-8.34436	-0.0830815	0	0	0	3.58507	-0.00920809	-0.00920809	-0.00920809	-1.07759e+06
20.4	5202.47	7174.39	950.919	6.92462	7.77421	0	66.4179	97.1201	8.21772	64.6582	8.66473	2.88824	286.209	12.4643	8.31702	-0.490872	-8.30107	-0.155414	0	0	0	3.38416	0.00767588	0.00767588	0.00767588	428649
20.7	5449.88	7452.63	977.809	6.9831	7.94333	0	69.5764	99.8664	8.53642	65.2043	8.59217	2.86406	298.621	12.5696	8.20869	-0.574642	-8.18511	-0.237299	0	0	0	4.01591	0.0207572	0.0207572	0.0207572	1.30404e+06
21	5200.9	7055.58	965.588	7.0391	8.00319	0	66.3978	98.6183	8.08163	65.7272	8.52382	2.84127	311.138	12.6704	8.21262	-0.436407	-8.19379	-0.344136	0	0	0	3.04873	0.00526915	0.00526915	0.00526915	258899
21.3	4849.2	6533.96	945.841	7.08704	7.94537	0	61.9078	96.6015	7.48415	66.1748	8.46616	2.82205	323.758	12.7567	8.32872	-0.0815043	-8.31321	-0.501623	0	0	0	0.561721	0.0105732	0.0105732	0.0105732	1.44114e+06
21.6	4853.15	6500.78	950.774	7.12902	7.97379	0	61.9583	97.1052	7.44615	66.5668	8.41631	2.80544	336.472	12.8322	8.34819	0.151996	-8.33949	-0.349441	0	0	0	-1.04416	0.0243681	0.0243681	0.0243681	1.04387e+06
21.9	4703.44	6266.49	939.545	7.16741	7.9732	0	60.0469	95.9584	7.17778	66.9253	8.37122	2.79041	349.266	12.9013	8.39378	0.394952	-8.3809	-0.245073	0	0	0	-2.69808	0.00261837	0.00261837	0.00261837	300727
22.2	4863.84	6447.06	956.121	7.20426	7.86986	0	62.0948	97.6513	7.38462	67.2693	8.32841	2.77614	2.13288	12.9677	8.54771	0.624968	-8.5228	-0.186372	0	0	0	-4.19394	-0.00637018	-0.00637018	-0.00637018	-533291
22.5	4935.85	6509.04	971.785	7.2413	8.01314	0	63.0141	99.2512	7.45561	67.6152	8.28581	2.76194	15.0674	13.0343	8.43805	0.530932	-8.41	-0.436546	0	0	0	-3.61235	-0.00959916	-0.00959916	-0.00959916	-930700
22.8	5086.4	6672.9	992.516	7.27892	8.14992	0	64.9361	101.369	7.6433	67.9665	8.24298	2.74766	28.0684	13.1021	8.33953	0.744283	-8.30054	-0.307857	0	0	0	-5.12382	-0.0261216	-0.0261216	-0.0261216	-1.93221e+06
23.1	5191.2	6774.49	1004.93	7.3175	8.41534	0	66.2741	102.636	7.75966	68.3268	8.19952	2.73317	41.1366	13.1715	8.11931	0.605217	-8.09305	-0.243927	0	0	0	-4.27675	-0.0140466	-0.0140466	-0.0140466	-772564
23.4	5204.95	6757.81	1005.18	7.35498	8.50795	0	66.4495	102.662	7.74056	68.6767	8.15774	2.71925	54.2734	13.239	8.07206	0.569547	-8.04807	-0.249871	0	0	0	-4.04797	-0.00386418	-0.00386418	-0.00386418	-479114
23.7	4869.92	6295.23	980.974	7.38724	8.56305	0	62.1724	100.19	7.2107	68.9779	8.12212	2.70737	67.4786	13.297	8.0553	0.347563	-8.04772	-0.0335065	0	0	0	-2.47294	-0.00693573	-0.00693573	-0.00693573	6949.74
24	4666.06	6011.43	969.33	7.41214	8.68943	0	59.5697	99.0005	6.88563	69.2104	8.09483	2.69828	80.7466	13.3418	7.96489	0.0202443	-7.96358	-0.143468	0	0	0	-0.145652	0.00620966	0.00620966	0.00620966	201428
24.3	4729.33	6074.58	975.891	7.43455	8.78586	0	60.3775	99.6705	6.95797	69.4197	8.07043	2.69014	94.066	13.3822	7.90129	-0.23763	-7.89696	-0.10919	0	0	0	1.72359	0.00187272	0.00187272	0.00187272	73491.6
24.6	4692.91	6009.92	977.485	7.45667	9.03641	0	59.9126	99.8334	6.88391	69.6262	8.04649	2.68216	107.428	13.422	7.70508	-0.388455	-7.69336	0.171854	0	0	0	2.89054	-0.00234169	-0.00234169	-0.00234169	-50043.1
24.9	4554.86	5818.08	974.59	7.47596	9.24216	0	58.1501	99.5376	6.66417	69.8063	8.02573	2.67524	120.83	13.4567	7.55304	-0.297431	-7.54468	0.194162	0	0	0	2.25758	0.0093788	0.0093788	0.0093788	432596
25.2	4751.61	6053.83	988.503	7.49517	9.34887	0	60.6619	100.959	6.9342	69.9857	8.00516	2.66839	134.27	13.4913	7.48601	-0.177402	-7.48237	0.15159	0	0	0	1.35819	-0.014443	-0.014443	-0.014443	-1.38784e+06
25.5	4860.71	6174.34	1001.72	7.51763	9.2492	0	62.0548	102.309	7.07223	70.1954	7.98124	2.66041	147.744	13.5317	7.58935	-0.257137	-7.58217	0.206778	0	0	0	1.94235	-0.0185438	-0.0185438	-0.0185438	-571641
25.8	5149.38	6518.75	1029.46	7.54332	9.30979	0	65.7401	105.142	7.46673	70.4353	7.95406	2.65135	161.255	13.578	7.56573	-0.172974	-7.55764	0.303799	0	0	0	1.31112	0.0166674	0.0166674	0.0166674	556552
26.1	5025.86	6340.19	1019.18	7.56971	9.24783	0	64.1631	104.092	7.26221	70.6817	7.92633	2.64211	174.81	13.6255	7.64306	-0.115375	-7.64008	0.179437	0	0	0	0.865176	0.00904125	0.00904125	0.00904125	608936
26.4	4748.82	5973.71	1001.87	7.59124	9.30036	0	60.6263	102.323	6.84243	70.8827	7.90385	2.63462	188.412	13.6642	7.6215	-0.0757444	-7.60339	0.519653	0	0	0	0.570757	-0.0024514	-0.0024514	-0.0024514	243466
26.7	4583.36	5753.6	988.766	7.60705	9.35993	0	58.514	100.985	6.5903	71.0304	7.88742	2.62914	202.056	13.6927	7.58877	-0.217425	-7.5739	0.422269	0	0	0	1.64434	0.0114898	0.0114898	0.0114898	838381
27	4824.81	6043.95	1010.18	7.62309	9.50495	0	61.5965	103.173	6.92288	71.1801	7.87083	2.62361	215.735	13.7216	7.48875	-0.315618	-7.4693	0.437283	0	0	0	2.41961	0.00515745	0.00515745	0.00515745	465941
27.3	4645.48	5807.07	999.829	7.63914	9.5804	0	59.307	102.115	6.65155	71.3301	7.85428	2.61809	229.442	13.7505	7.44542	-0.160692	-7.43168	0.422531	0	0	0	1.23869	-0.0143511	-0.0143511	-0.0143511	-718208
27.6	4347.67	5427.56	966.514	7.64933	9.55418	0	55.505	98.7128	6.21685	71.4252	7.84382	2.61461	243.178	13.7688	7.47581	-0.281824	-7.46051	0.385975	0	0	0	2.16335	-0.0219123	-0.0219123	-0.0219123	-1.21971e+06
27.9	4612.91	5751.46	985.557	7.65893	9.50968	0	58.8912	100.658	6.58786	71.5148	7.83399	2.61133	256.938	13.7861	7.52021	-0.250223	-7.51495	0.128264	0	0	0	1.90706	-0.0214108	-0.0214108	-0.0214108	-1.24834e+06
28.2	4985.86	6203.38	1015.04	7.67509	9.55163	0	63.6525	103.669	7.10549	71.6657	7.8175	2.60583	270.715	13.8152	7.50298	-0.231878	-7.49925	0.0464845	0	0	0	1.77103	-0.0218244	-0.0218244	-0.0218244	-1.06232e+06
28.5	5186.06	6434.16	1030.1	7.69691	9.6046	0	66.2083	105.207	7.36985	71.8694	7.79534	2.59845	284.516	13.8544	7.48281	-0.35234	-7.47384	0.100403	0	0	0	2.6991	-0.0214794	-0.0214794	-0.0214794	-903272
28.8	5051.07	6249.06	1026.8	7.71864	9.62247	0	64.4851	104.871	7.15782	72.0723	7.77339	2.59113	298.351	13.8935	7.49001	-0.195835	-7.48136	0.301923	0	0	0	1.49946	-0.00903839	-0.00903839	-0.00903839	-183380
29.1	4751.57	5866.28	1012.89	7.73473	10.0843	0	60.6614	103.45	6.71938	72.2226	7.75722	2.58574	312.225	13.9225	7.1619	-0.0514572	-7.15806	0.228747	0	0	0	0.411875	0.00676202	0.00676202	0.00676202	603498
29.4	4611.26	5685.2	1001.62	7.74543	10.1095	0	58.8702	102.298	6.51196	72.3225	7.7465	2.58217	326.133	13.9418	7.15394	0.00293568	-7.15261	0.138005	0	0	0	-0.0235162	-0.000304491	-0.000304491	-0.000304491	225370
29.7	4436.76	5465.17	990.769	7.75236	10.2136	0	56.6424	101.19	6.25994	72.3872	7.73958	2.57986	340.065	13.9542	7.08732	-0.00861202	-7.07765	0.370124	0	0	0	0.069717	-0.0181924	-0.0181924	-0.0181924	-758282
30	4373.28	5384.29	977.138	7.75622	9.9058	0	55.8319	99.7979	6.16729	72.4233	7.73573	2.57858	354.013	13.9612	7.3112	0.0169907	-7.30149	0.376209	0	0	0	-0.133328	-0.0419358	-0.0419358	-0.0419358	-2.50686e+06
30.3	4320.03	5316.85	971.92	7.75896	9.77736	0	55.1521	99.265	6.09005	72.4488	7.73299	2.57766	7.97046	13.9661	7.40986	0.240383	-7.39268	0.443347	0	0	0	-1.86239	-0.0393913	-0.0393913	-0.0393913	-1.24291e+06
30.6	4768.02	5863.25	1010.33	7.76552	9.98168	0	60.8714	103.188	6.71591	72.5101	7.72646	2.57549	21.9341	13.9779	7.26432	0.359061	-7.24921	0.300681	0	0	0	-2.8356	-0.0165423	-0.0165423	-0.0165423	-840358
30.9	5181.17	6358.5	1044.62	7.78116	9.96163	0	66.1459	106.69	7.28318	72.6561	7.71093	2.57031	35.9062	14.0061	7.2936	0.605233	-7.26149	0.317718	0	0	0	-4.76449	-0.0262616	-0.0262616	-0.0262616	-956382
31.2	5090.18	6231.77	1038.37	7.79997	10.1729	0	64.9843	106.052	7.13802	72.8318	7.69233	2.56411	49.8982	14.04	7.15941	0.534384	-7.13527	0.24367	0	0	0	-4.28307	-0.0162301	-0.0162301	-0.0162301	-326677
31.5	4633.53	5664.22	999.805	7.81166	10.1851	0	59.1545	102.113	6.48793	72.941	7.68082	2.56027	63.9212	14.061	7.16154	0.463429	-7.14541	0.126335	0	0	0	-3.71083	0.000252483	0.000252483	0.000252483	-619.631
31.8	4541.25	5547.37	997.381	7.81735	10.1887	0	57.9763	101.865	6.35409	72.994	7.67524	2.55841	77.9717	14.0712	7.16419	0.366002	-7.15371	0.126537	0	0	0	-2.92884	-0.0200028	-0.0200028	-0.0200028	-738790
32.1	4364.44	5329.5	984.094	7.82012	10.1372	0	55.7191	100.508	6.10453	73.02	7.67251	2.5575	92.0378	14.0762	7.2032	0.582507	-7.17407	0.281942	0	0	0	-4.64201	-0.0144819	-0.0144819	-0.0144819	-320226
32.4	4032.88	4926.86	958.574	7.81657	9.99148	0	51.4861	97.9019	5.64334	72.9868	7.676	2.55867	106.111	14.0698	7.3049	0.535663	-7.28236	0.204759	0	0	0	-4.20689	-0.00665251	-0.00665251	-0.00665251	-73320.1
32.7	4380.87	5354.1	980.166	7.81349	9.86412	0	55.9288	100.107	6.13272	72.958	7.67903	2.55968	120.185	14.0643	7.39631	0.428763	-7.38256	0.138875	0	0	0	-3.32388	-0.0584166	-0.0584166	-0.0584166	-2.97862e+06
33	4578.46	5592.99	999.112	7.81713	9.8285	0	58.4515	102.042	6.40634	72.992	7.67545	2.55848	134.252	14.0708	7.42656	0.460238	-7.41047	0.164146	0	0	0	-3.55387	-0.0548576	-0.0548576	-0.0548576	-1.46205e+06
33.3	5040.82	6150.18	1037.55	7.82681	10.0294	0	64.3541	105.968	7.04456	73.0824	7.66596	2.55532	148.319	14.0883	7.28682	0.319515	-7.27918	0.09632	0	0	0	-2.51335	-0.0122338	-0.0122338	-0.0122338	-1.04339e+06
33.6	4977.21	6061.91	1040.05	7.84057	10.1968	0	63.542	106.223	6.94345	73.2108	7.65251	2.55084	162.399	14.113	7.17979	0.136984	-7.17426	0.246248	0	0	0	-1.09386	-0.0278037	-0.0278037	-0.0278037	-636239
33.9	4992.01	6069.56	1041.41	7.85397	10.2951	0	63.731	106.363	6.95222	73.336	7.63945	2.54648	176.499	14.1371	7.12337	0.0670805	-7.10798	0.463135	0	0	0	-0.540704	-0.00851625	-0.00851625	-0.00851625	56199.6
34.2	4499.07	5465.51	1006.29	7.86074	10.4988	0	57.4379	102.775	6.26033	73.3992	7.63287	2.54429	190.624	14.1493	6.99119	0.111129	-6.95282	0.722943	0	0	0	-0.9157	1.78477e-05	1.78477e-05	1.78477e-05	-636095
34.5	4213.99	5119.79	977.811	7.85981	10.4079	0	53.7983	99.8666	5.86433	73.3906	7.63377	2.54459	204.768	14.1477	7.05142	0.0936179	-7.03376	0.489956	0	0	0	-0.76255	-0.0156731	-0.0156731	-0.0156731	439689
34.8	4066.21	4943.97	966.429	7.8539	10.4109	0	51.9117	98.7042	5.66294	73.3353	7.63952	2.54651	218.916	14.137	7.04411	0.200653	-7.01559	0.600647	0	0	0	-1.63827	0.00772669	0.00772669	0.00772669	794667
35.1	4108.68	5000.31	962.065	7.84652	10.1698	0	52.4539	98.2584	5.72747	73.2664	7.64671	2.5489	233.058	14.1237	7.20434	0.154221	-7.17952	0.577227	0	0	0	-1.23056	-0.0109825	-0.0109825	-0.0109825	255606
35.4	4440.82	5406.25	985.034	7.844	10.2049	0	56.6942	100.604	6.19245	73.2429	7.64915	2.54972	247.189	14.1192	7.17724	0.174988	-7.1611	0.448037	0	0	0	-1.3998	-0.050149	-0.050149	-0.050149	-1.75001e+06
35.7	4654.48	5663.9	1003.62	7.84742	9.99354	0	59.4219	102.502	6.48757	73.2748	7.64583	2.54861	261.31	14.1254	7.33222	0.0545365	-7.32417	0.339225	0	0	0	-0.426622	-0.0312171	-0.0312171	-0.0312171	-685635
36	4649.17	5653.82	1007.23	7.85244	9.72379	0	59.3541	102.872	6.47602	73.3217	7.64094	2.54698	275.433	14.1344	7.54044	-0.0614437	-7.53533	0.270684	0	0	0	0.467184	-0.000786365	-0.000786365	-0.000786365	591538
36.3	4748.1	5769.8	1019.38	7.85832	9.86947	0	60.6171	104.112	6.60887	73.3766	7.63522	2.54507	289.563	14.145	7.43471	0.064838	-7.43229	0.178214	0	0	0	-0.499826	-0.0272285	-0.0272285	-0.0272285	-1.43483e+06
36.6	4688.02	5691.72	1022.36	7.86534	9.93236	0	59.8501	104.417	6.51943	73.4422	7.6284	2.5428	303.702	14.1576	7.39423	-0.00996012	-7.39318	0.124159	0	0	0	0.077189	-0.0119536	-0.0119536	-0.0119536	574600
36.9	4144.53	5032.34	980.895	7.86461	9.8917	0	52.9116	100.182	5.76416	73.4353	7.62911	2.54304	317.854	14.1563	7.42393	0.225526	-7.41606	0.256675	0	0	0	-1.74185	0.0536769	0.0536769	0.0536769	3.07119e+06
37.2	4091.26	4972.31	969.417	7.85725	9.71394	0	52.2315	99.0093	5.6954	73.3666	7.63626	2.54542	332.01	14.1431	7.55271	0.25279	-7.5454	0.215671	0	0	0	-1.91884	0.00749411	0.00749411	0.00749411	950750
37.5	4008.48	4876.25	957.523	7.84992	9.70456	0	51.1747	97.7946	5.58537	73.2982	7.64339	2.5478	346.16	14.1299	7.55296	0.258299	-7.54505	0.229658	0	0	0	-1.96071	-0.0363137	-0.0363137	-0.0363137	-65324.4
37.8	4466.87	5436.43	996.278	7.84623	9.67853	0	57.0267	101.753	6.22701	73.2637	7.64699	2.549	0.296641	14.1232	7.56971	0.0258488	-7.56571	0.24487	0	0	0	-0.195755	0.000559282	0.000559282	0.000559282	481757
38.1	4623.75	5625.56	1012.55	7.84874	9.72155	0	59.0296	103.415	6.44365	73.2872	7.64454	2.54818	14.4232	14.1277	7.53863	0.0766263	-7.53642	0.165519	0	0	0	-0.582533	-0.0147468	-0.0147468	-0.0147468	-235359
38.4	4498.38	5470.48	997.962	7.85239	9.72253	0	57.429	101.925	6.26602	73.3213	7.64098	2.54699	28.5487	14.1343	7.54138	-0.158606	-7.5386	0.129195	0	0	0	1.20528	-0.0140843	-0.0140843	-0.0140843	603165
38.7	4221.64	5135.06	970.856	7.85068	9.58448	0	53.896	99.1563	5.88182	73.3052	7.64265	2.54755	42.6797	14.1312	7.64833	-0.339385	-7.64033	-0.0836971	0	0	0	2.54342	0.000843418	0.000843418	0.000843418	-89523
39	4067.1	4950.63	958.858	7.84504	9.30815	0	51.9231	97.9309	5.67057	73.2526	7.64814	2.54938	56.8124	14.1211	7.86973	-0.205804	-7.86701	-0.0225923	0	0	0	1.49854	-0.0109673	-0.0109673	-0.0109673	733601
39.3	4426.95	5390.69	991.597	7.84208	9.2513	0	56.5171	101.275	6.17462	73.225	7.65103	2.55034	70.9386	14.1157	7.9151	-0.28927	-7.90899	0.114335	0	0	0	2.09465	0.0345728	0.0345728	0.0345728	2.81064e+06
39.6	4347.74	5294.99	991.168	7.84096	9.2049	0	55.5059	101.231	6.06501	73.2145	7.65212	2.55071	85.057	14.1137	7.95386	-0.0740971	-7.95309	0.0823449	0	0	0	0.533796	0.0326608	0.0326608	0.0326608	1.97257e+06
39.9	4170.02	5080.44	970.154	7.83804	9.43922	0	53.237	99.0846	5.81926	73.1873	7.65497	2.55166	99.1717	14.1085	7.75353	-0.170994	-7.75129	0.0747389	0	0	0	1.26375	-0.028486	-0.028486	-0.028486	-105473
40.2	4527.37	5516.18	997.526	7.83753	9.20261	0	57.7992	101.88	6.31836	73.1825	7.65547	2.55182	113.283	14.1076	7.95237	-0.135342	-7.95076	-0.0852819	0	0	0	0.975222	-0.0263542	-0.0263542	-0.0263542	-426870
40.5	4804.42	5849.45	1031.2	7.84328	9.26846	0	61.3362	105.319	6.7001	73.2362	7.64986	2.54995	127.391	14.1179	7.90165	-0.329682	-7.88924	-0.295549	0	0	0	2.39293	-0.0102467	-0.0102467	-0.0102467	-21014.3
40.8	4364.95	5311.81	990.126	7.84709	9.22708	0	55.7256	101.124	6.08427	73.2717	7.64615	2.54872	141.504	14.1248	7.94095	-0.288369	-7.92862	-0.335484	0	0	0	2.08297	-0.0131117	-0.0131117	-0.0131117	-126786
41.1	4306.1	5241.1	987.56	7.84573	8.87391	0	54.9743	100.862	6.00328	73.259	7.64747	2.54916	155.625	14.1223	8.25556	-0.281209	-8.2454	-0.297576	0	0	0	1.95331	-0.00285451	-0.00285451	-0.00285451	334066
41.4	4198.27	5111.96	976.627	7.84248	8.97188	0	53.5976	99.7457	5.85537	73.2287	7.65064	2.55021	169.748	14.1165	8.16203	-0.481013	-8.14231	-0.300139	0	0	0	3.38086	0.0172429	0.0172429	0.0172429	1.73892e+06
41.7	4320.15	5262.41	974.962	7.83944	8.99971	0	55.1536	99.5756	6.02769	73.2003	7.65361	2.5512	183.868	14.111	8.13363	-0.716711	-8.09633	-0.302689	0	0	0	5.0588	0.0276915	0.0276915	0.0276915	2.34446e+06
42	4368.28	5321.82	980.879	7.8383	9.05459	0	55.7681	100.18	6.09573	73.1896	7.65472	2.55157	197.982	14.1089	8.08315	-0.634436	-8.05495	-0.229357	0	0	0	4.50351	0.0222613	0.0222613	0.0222613	2.19046e+06
42.3	4164.75	5075.75	968.767	7.83537	9.14857	0	53.1697	98.943	5.81389	73.1623	7.65758	2.55253	212.092	14.1037	7.99713	-0.702227	-7.96168	-0.269581	0	0	0	5.04049	0.00585302	0.00585302	0.00585302	1.08216e+06
42.6	4338.86	5289.86	989.9	7.83253	9.22286	0	55.3925	101.101	6.05914	73.1358	7.66036	2.55345	226.198	14.0986	7.92984	-0.744108	-7.89477	-0.0369172	0	0	0	5.38441	-0.0105599	-0.0105599	-0.0105599	240894
42.9	4430.07	5401.13	991.534	7.83245	9.33202	0	56.557	101.268	6.18659	73.135	7.66044	2.55348	240.299	14.0984	7.837	-0.632773	-7.81141	0.00539198	0	0	0	4.63121	-0.0278656	-0.0278656	-0.0278656	-1.15337e+06
43.2	4394.87	5357.75	981.131	7.83312	9.28022	0	56.1075	100.206	6.13689	73.1413	7.65979	2.55326	254.397	14.0996	7.88141	-0.575565	-7.85951	0.116496	0	0	0	4.18839	-0.0412109	-0.0412109	-0.0412109	-1.43333e+06
43.5	4192.3	5112.03	964.545	7.83123	9.25183	0	53.5214	98.5118	5.85545	73.1236	7.66164	2.55388	268.496	14.0962	7.9037	-0.423259	-7.88857	0.244318	0	0	0	3.07124	-0.0222663	-0.0222663	-0.0222663	-471103
43.8	4022.32	4908.61	954.23	7.82509	9.4146	0	51.3513	97.4583	5.62243	73.0663	7.66764	2.55588	282.594	14.0852	7.76096	-0.314155	-7.75368	0.119463	0	0	0	2.32018	0.000441142	0.000441142	0.000441142	278423
44.1	4224.51	5158.79	970.998	7.81988	9.34897	0	53.9327	99.1708	5.909	73.0177	7.67275	2.55758	296.685	14.0758	7.81024	-0.326659	-7.80312	-0.0663471	0	0	0	2.39715	0.019716	0.019716	0.019716	2.15576e+06
44.4	4114.09	5026.83	964.483	7.81539	9.50606	0	52.5229	98.5055	5.75785	72.9757	7.67716	2.55905	310.766	14.0677	7.67676	-0.378127	-7.66728	0.0497189	0	0	0	2.82336	0.0367662	0.0367662	0.0367662	2.33634e+06
44.7	4198.14	5132.54	971.394	7.8108	9.44555	0	53.596	99.2112	5.87894	72.9329	7.68167	2.56056	324.837	14.0594	7.7214	-0.330231	-7.7118	0.197814	0	0	0	2.452	0.0153778	0.0153778	0.0153778	1.34178e+06
45	4303.23	5262.35	978.937	7.80882	9.40562	0	54.9376	99.9816	6.02763	72.9144	7.68362	2.56121	338.901	14.0559	7.75222	-0.38598	-7.74218	0.081681	0	0	0	2.85407	-0.00162753	-0.00162753	-0.00162753	903101
45.3	4304.33	5264.41	972.412	7.80778	9.49688	0	54.9517	99.3152	6.02998	72.9047	7.68464	2.56155	352.959	14.054	7.6767	-0.497504	-7.65872	0.16789	0	0	0	3.71666	0.00187692	0.00187692	0.00187692	833622
45.6	4262.52	5214.29	962.746	7.80624	9.45485	0	54.4179	98.328	5.97258	72.8903	7.68616	2.56205	7.01345	14.0512	7.70931	-0.577722	-7.68356	0.249963	0	0	0	4.29994	-0.0205173	-0.0205173	-0.0205173	-635597
45.9	4088.9	5004.02	956.758	7.80295	9.2206	0	52.2014	97.7165	5.73173	72.8596	7.6894	2.56313	21.0661	14.0453	7.90183	-0.375784	-7.8928	-0.0385083	0	0	0	2.72585	-0.0162612	-0.0162612	-0.0162612	361474
46.2	4003.42	4903.48	949.943	7.79648	9.05832	0	51.1101	97.0204	5.61656	72.7992	7.69578	2.56526	35.1143	14.0337	8.03672	-0.439877	-8.02396	-0.106707	0	0	0	3.13784	0.0187807	0.0187807	0.0187807	1.11423e+06
46.5	4431.04	5428.9	984.223	7.79409	8.99797	0	56.5694	100.522	6.2184	72.7768	7.69814	2.56605	49.1538	14.0294	8.08814	-0.431011	-8.07586	-0.112541	0	0	0	3.05499	0.0178101	0.0178101	0.0178101	1.58277e+06
46.8	4342.39	5319.3	977.359	7.79552	8.85428	0	55.4375	99.8205	6.09286	72.7902	7.69673	2.56558	63.1853	14.0319	8.2209	-0.287905	-8.21537	-0.0900873	0	0	0	2.00709	0.0157681	0.0157681	0.0157681	1.77361e+06
47.1	4164.05	5101.97	969.938	7.79381	8.94226	0	53.1608	99.0625	5.84391	72.7743	7.69842	2.56614	77.216	14.0289	8.13824	-0.307641	-8.13022	-0.189211	0	0	0	2.16699	0.022125	0.022125	0.022125	1.70167e+06
47.4	4175.63	5118.31	971.957	7.79052	8.79824	0	53.3086	99.2688	5.86264	72.7436	7.70166	2.56722	91.2464	14.0229	8.26797	-0.172514	-8.26384	-0.196063	0	0	0	1.19592	0.0147488	0.0147488	0.0147488	1.48392e+06
47.7	4407.37	5402.62	988.453	7.79016	8.65378	0	56.2671	100.954	6.18829	72.7402	7.70202	2.56734	105.272	14.0223	8.40559	-0.156907	-8.4022	-0.180073	0	0	0	1.06985	0.0121247	0.0121247	0.0121247	1.38666e+06
48	4080.35	5002.86	956.476	7.78844	8.74506	0	52.0922	97.6876	5.73039	72.7241	7.70373	2.56791	119.295	14.0192	8.31602	-0.324241	-8.30556	-0.262291	0	0	0	2.23564	0.0138348	0.0138348	0.0138348	1.84205e+06
48.3	3870.54	4750.13	936.105	7.78104	8.62119	0	49.4137	95.6071	5.44091	72.655	7.71105	2.57035	133.316	14.0059	8.4275	-0.263164	-8.41185	-0.440633	0	0	0	1.79191	0.00970368	0.00970368	0.00970368	1.45856e+06
48.6	4033.79	4955.25	948.724	7.77354	8.39701	0	51.4978	96.8959	5.67586	72.585	7.71849	2.57283	147.328	13.9924	8.64415	-0.277605	-8.61107	-0.702737	0	0	0	1.84647	0.00598932	0.00598932	0.00598932	979395
48.9	4378.86	5380.28	973.002	7.7719	8.31267	0	55.9032	99.3755	6.1627	72.5697	7.72012	2.57337	161.327	13.9894	8.73001	-0.264804	-8.68778	-0.815724	0	0	0	1.74584	0.0194064	0.0194064	0.0194064	1.94048e+06
49.2	4403.03	5408.53	984.649	7.77399	8.04501	0	56.2117	100.565	6.19506	72.5891	7.71805	2.57268	175.318	13.9932	9.02287	-0.314954	-8.99331	-0.658336	0	0	0	2.00573	0.0327741	0.0327741	0.0327741	2.39638e+06
49.5	4500.37	5525.54	994.032	7.77758	8.1983	0	57.4544	101.523	6.32908	72.6227	7.71448	2.57149	189.309	13.9997	8.85827	-0.332039	-8.8311	-0.608681	0	0	0	2.15324	0.0343091	0.0343091	0.0343091	2.95855e+06
49.8	4152.98	5098.64	968.161	7.77815	8.278	0	53.0194	98.8811	5.8401	72.6281	7.71391	2.5713	203.306	14.0007	8.77362	-0.166636	-8.74806	-0.64814	0	0	0	1.09126	0.0325304	0.0325304	0.0325304	2.22684e+06
50.1	4296.46	5275.7	975.587	7.77682	8.18169	0	54.8512	99.6395	6.04291	72.6156	7.71523	2.57174	217.306	13.9983	8.87538	-0.261821	-8.83171	-0.839437	0	0	0	1.69807	0.0262653	0.0262653	0.0262653	2.26544e+06
50.4	3975.16	4883.36	957.127	7.77333	8.04971	0	50.7493	97.7541	5.59351	72.5831	7.7187	2.5729	231.306	13.992	9.01685	-0.28026	-8.98706	-0.676638	0	0	0	1.78618	0.0199869	0.0199869	0.0199869	1.80738e+06
50.7	3871.63	4760.96	949.271	7.76551	7.98115	0	49.4275	96.9517	5.45332	72.51	7.72647	2.57549	245.301	13.9779	9.08516	-0.0941697	-9.05182	-0.77184	0	0	0	0.596049	0.0198293	0.0198293	0.0198293	2.47716e+06
51	3841.23	4729.16	943.773	7.75636	8.00241	0	49.0395	96.3902	5.41689	72.4246	7.73559	2.57853	259.286	13.9614	9.05034	0.117696	-9.01341	-0.808198	0	0	0	-0.748118	0.027457	0.027457	0.027457	2.54439e+06
51.3	4100.85	5053	961.791	7.7499	7.98108	0	52.354	98.2305	5.78783	72.3642	7.74203	2.58068	273.255	13.9498	9.06697	0.138009	-9.02383	-0.872607	0	0	0	-0.876206	0.0202895	0.0202895	0.0202895	1.70374e+06
51.6	4403.07	5425.26	982.103	7.75009	7.92651	0	56.2122	100.305	6.21422	72.366	7.74185	2.58062	287.211	13.9502	9.12962	0.153368	-9.09271	-0.805597	0	0	0	-0.966324	0.0186447	0.0186447	0.0186447	2.02282e+06
51.9	4579.34	5638.72	999.725	7.75521	8.09874	0	58.4626	102.105	6.45872	72.4138	7.73673	2.57891	301.161	13.9594	8.94137	0.36522	-8.9046	-0.723113	0	0	0	-2.34865	0.0269068	0.0269068	0.0269068	1.95547e+06
52.2	4155.2	5115.05	970.307	7.75735	8.05684	0	53.0478	99.1002	5.85891	72.4338	7.7346	2.5782	315.116	13.9632	8.99035	0.429167	-8.96107	-0.584242	0	0	0	-2.74193	0.012719	0.012719	0.012719	1.55442e+06
52.5	4345.36	5349.03	988.281	7.7575	7.99294	0	55.4754	100.936	6.1269	72.4352	7.73445	2.57815	329.077	13.9635	9.0624	0.45118	-9.03065	-0.609049	0	0	0	-2.86018	0.00947462	0.00947462	0.00947462	1.41061e+06
52.8	4070.95	5012.03	974.309	7.75629	8.01933	0	51.9723	99.509	5.7409	72.4239	7.73565	2.57855	343.04	13.9613	9.03118	0.205335	-9.00958	-0.589469	0	0	0	-1.30559	0.0243949	0.0243949	0.0243949	1.98246e+06
53.1	3689.45	4547.22	936.597	7.74794	7.98267	0	47.1017	95.6573	5.2085	72.346	7.74399	2.58133	357.003	13.9463	9.06288	0.0125635	-9.04613	-0.550613	0	0	0	-0.0795739	0.0340979	0.0340979	0.0340979	3.06125e+06
53.4	3780.57	4666.22	936.15	7.73684	8.13158	0	48.265	95.6116	5.3448	72.2423	7.75511	2.58504	10.9566	13.9263	8.88417	-0.144916	-8.87664	-0.335558	0	0	0	0.935299	0.0373428	0.0373428	0.0373428	3.24877e+06
53.7	3943.02	4871.89	948.894	7.72864	8.04975	0	50.339	96.9133	5.58038	72.1657	7.76333	2.58778	24.8929	13.9116	8.96497	-0.120857	-8.95226	-0.461617	0	0	0	0.773457	0.0218506	0.0218506	0.0218506	1.99186e+06
54	4517.59	5581.31	999.135	7.72933	8.15977	0	57.6743	102.045	6.39297	72.1721	7.76264	2.58755	38.8119	13.9128	8.84488	-0.179133	-8.82762	-0.52227	0	0	0	1.16251	0.0257051	0.0257051	0.0257051	2.84129e+06
54.3	4629.16	5713.67	1009.3	7.73675	8.20969	0	59.0986	103.082	6.54457	72.2414	7.7552	2.58507	52.724	13.9261	8.79953	-0.247497	-8.78928	-0.344976	0	0	0	1.61296	0.0293796	0.0293796	0.0293796	1.6684e+06
54.6	4456.76	5496.02	993.22	7.74359	8.09909	0	56.8977	101.44	6.29527	72.3053	7.74835	2.58278	66.6435	13.9385	8.92758	-0.29005	-8.90417	-0.577449	0	0	0	1.86573	-0.00334144	-0.00334144	-0.00334144	673891
54.9	4092.28	5045.83	965.731	7.74468	8.20593	0	52.2445	98.6329	5.77962	72.3155	7.74725	2.58242	80.5758	13.9404	8.8126	-0.321111	-8.79436	-0.466893	0	0	0	2.09113	-0.00442753	-0.00442753	-0.00442753	397401
55.2	3842.88	4741.92	944.993	7.73881	8.20912	0	49.0606	96.5149	5.43151	72.2607	7.75313	2.58438	94.5152	13.9299	8.80248	-0.333918	-8.79344	-0.218142	0	0	0	2.17467	0.0237699	0.0237699	0.0237699	2.20199e+06
55.5	3817.82	4716.37	937.728	7.72998	8.14664	0	48.7406	95.7729	5.40224	72.1783	7.76198	2.58733	108.45	13.914	8.85988	-0.322126	-8.85137	-0.217035	0	0	0	2.08423	0.0272849	0.0272849	0.0272849	2.49826e+06
55.8	4025.84	4977.38	950.787	7.72374	8.20209	0	51.3963	97.1066	5.70121	72.12	7.76826	2.58942	122.372	13.9027	8.79288	-0.27096	-8.78436	-0.276127	0	0	0	1.76677	0.0264244	0.0264244	0.0264244	2.79088e+06
56.1	4089.79	5058.75	958.123	7.7202	8.26722	0	52.2127	97.8559	5.79442	72.0869	7.77182	2.59061	136.281	13.8964	8.71961	-0.278075	-8.71021	-0.294109	0	0	0	1.82856	0.0196708	0.0196708	0.0196708	1.61082e+06
56.4	4192.97	5187.17	966.961	7.71903	8.39904	0	53.53	98.7585	5.94151	72.076	7.77299	2.591	150.18	13.8943	8.58146	-0.366403	-8.57051	-0.231537	0	0	0	2.448	0.0131194	0.0131194	0.0131194	2.1902e+06
56.7	4696.02	5805.37	1010.19	7.72453	8.57509	0	59.9522	103.174	6.6496	72.1273	7.76747	2.58916	164.075	13.9041	8.41125	-0.485655	-8.39551	-0.169701	0	0	0	3.3107	0.021852	0.021852	0.021852	1.98662e+06
57	4864.72	6004.14	1021.26	7.7371	8.57202	0	62.1059	104.304	6.87729	72.2447	7.75485	2.58495	177.975	13.9268	8.42796	-0.313751	-8.42062	-0.159004	0	0	0	2.13385	0.0168545	0.0168545	0.0168545	2.08707e+06
57.3	4413.33	5440.67	989.739	7.74614	8.63919	0	56.3433	101.085	6.23188	72.3291	7.7458	2.58193	191.89	13.943	8.3722	-0.141477	-8.37	-0.130072	0	0	0	0.968372	0.00946365	0.00946365	0.00946365	1.21219e+06
57.6	4326.77	5331.71	985.382	7.7494	8.67744	0	55.2382	100.64	6.10707	72.3596	7.74253	2.58084	205.825	13.9489	8.33882	-0.19741	-8.33638	-0.0416716	0	0	0	1.35654	0.0216618	0.0216618	0.0216618	2.21259e+06
57.9	3939.9	4856.56	945.774	7.74689	8.79521	0	50.2992	96.5946	5.56282	72.3361	7.74504	2.58168	219.771	13.9444	8.2245	-0.179645	-8.21663	-0.311528	0	0	0	1.25249	0.0273177	0.0273177	0.0273177	2.44905e+06
58.2	3963.75	4889.81	945.273	7.74079	8.80493	0	50.6036	96.5434	5.6009	72.2792	7.75115	2.58372	233.718	13.9334	8.20895	-0.135979	-8.20234	-0.299853	0	0	0	0.949768	0.0104173	0.0104173	0.0104173	1.76393e+06
58.5	4416.9	5449.14	993.399	7.74035	8.75133	0	56.3889	101.459	6.24158	72.2751	7.75158	2.58386	247.657	13.9326	8.25876	-0.192134	-8.25627	-0.0650242	0	0	0	1.3331	0.0162755	0.0162755	0.0162755	2.07737e+06
58.8	4456.96	5495.51	996.683	7.74467	8.77248	0	56.9003	101.794	6.29468	72.3154	7.74726	2.58242	261.59	13.9404	8.24344	-0.00705532	-8.24169	0.169699	0	0	0	0.0490482	0.0297188	0.0297188	0.0297188	2.26961e+06
59.1	4452.09	5486.18	993.143	7.74935	8.78933	0	56.8381	101.433	6.284	72.3591	7.74258	2.58086	275.526	13.9488	8.23261	0.014977	-8.22868	0.254061	0	0	0	-0.104284	0.0136057	0.0136057	0.0136057	1.85615e+06
59.4	4787.33	5892.73	1018.32	7.75797	8.82496	0	61.1179	104.004	6.74967	72.4396	7.73398	2.57799	289.471	13.9643	8.20849	0.00809716	-8.20829	0.0569192	0	0	0	-0.0565201	0.00745249	0.00745249	0.00745249	1.5343e+06
59.7	4609.37	5666.69	1003.38	7.76754	8.71979	0	58.8461	102.478	6.49077	72.5289	7.72445	2.57482	303.427	13.9816	8.31774	-0.234978	-8.31416	-0.0659102	0	0	0	1.61888	0.0123075	0.0123075	0.0123075	1.52051e+06
60	4482.31	5506.05	992.862	7.7738	8.75404	0	57.2239	101.404	6.30676	72.5875	7.71823	2.57274	317.4	13.9928	8.29188	-0.365651	-8.28243	-0.151662	0	0	0	2.52784	0.0216379	0.0216379	0.0216379	2.55467e+06
60.3	4198.17	5156.11	968.733	7.77515	8.66195	0	53.5964	98.9394	5.90593	72.6	7.71689	2.5723	331.388	13.9953	8.38149	-0.390034	-8.36961	-0.216312	0	0	0	2.66812	0.0408977	0.0408977	0.0408977	3.22192e+06
60.6	3942.08	4844.63	947.324	7.77028	8.53331	0	50.327	96.753	5.54915	72.5546	7.72173	2.57391	345.382	13.9865	8.50251	-0.571152	-8.47693	-0.328932	0	0	0	3.85461	0.0218685	0.0218685	0.0218685	1.95127e+06
60.9	4270.41	5250.23	976.867	7.76716	8.4767	0	54.5186	99.7702	6.01374	72.5254	7.72483	2.57494	359.373	13.9809	8.55585	-0.708758	-8.52052	-0.31782	0	0	0	4.75506	0.0096536	0.0096536	0.0096536	2.0954e+06
61.2	4454.61	5475.41	994.955	7.76899	8.54786	0	56.8703	101.618	6.27167	72.5425	7.72301	2.57434	13.3562	13.9842	8.48663	-0.659426	-8.45944	-0.160793	0	0	0	4.45728	0.0209672	0.0209672	0.0209672	1.42256e+06
61.5	4560.63	5602.09	1006.04	7.77402	8.56447	0	58.2237	102.75	6.41677	72.5894	7.71802	2.57267	27.3388	13.9932	8.47565	-0.552743	-8.4573	-0.0709309	0	0	0	3.73935	0.00714248	0.00714248	0.00714248	1.64615e+06
61.8	4223.26	5186.08	971.671	7.77642	8.52128	0	53.9166	99.2395	5.94026	72.6119	7.71563	2.57188	41.3275	13.9976	8.52124	-0.551025	-8.50311	-0.0708093	0	0	0	3.70774	0.00455797	0.00455797	0.00455797	1.21312e+06
62.1	4191.42	5148.11	978.198	7.77472	8.36005	0	53.5103	99.9061	5.89677	72.596	7.71731	2.57244	55.3229	13.9945	8.68368	-0.66517	-8.65625	0.181944	0	0	0	4.39413	0.0144614	0.0144614	0.0144614	1.73153e+06
62.4	4529.3	5561.74	999.144	7.77664	8.51306	0	57.8238	102.045	6.37055	72.6139	7.71541	2.5718	69.3189	13.998	8.52971	-0.545803	-8.51097	0.146405	0	0	0	3.66932	0.0287401	0.0287401	0.0287401	2.82752e+06
62.7	4401.35	5402.12	989.377	7.78024	8.53977	0	56.1904	101.048	6.18772	72.6476	7.71184	2.57061	83.3151	14.0044	8.50697	-0.310797	-8.49924	0.1868	0	0	0	2.09424	0.0309242	0.0309242	0.0309242	2.03085e+06
63	4159.18	5105.11	971.588	7.7799	8.5578	0	53.0986	99.231	5.84751	72.6444	7.71218	2.57073	97.3163	14.0038	8.48868	-0.189344	-8.48622	0.0762694	0	0	0	1.27817	0.0109981	0.0109981	0.0109981	1.59415e+06
63.3	4047.77	4970.93	963.76	7.77588	8.64708	0	51.6763	98.4315	5.69382	72.6068	7.71617	2.57206	111.32	13.9966	8.39668	-0.122299	-8.39557	0.0607238	0	0	0	0.834574	0.00172264	0.00172264	0.00172264	886937
63.6	4203.29	5164.24	978.228	7.77238	8.55136	0	53.6617	99.9093	5.91524	72.5742	7.71964	2.57321	125.321	13.9903	8.48686	-0.0775928	-8.48645	0.0309009	0	0	0	0.523849	-0.0027259	-0.0027259	-0.0027259	613108
63.9	4369.64	5368.5	988.302	7.77255	8.5607	0	55.7854	100.938	6.14921	72.5757	7.71948	2.57316	139.314	13.9906	8.47778	-0.0746964	-8.47421	0.23445	0	0	0	0.505024	-0.00265749	-0.00265749	-0.00265749	680499
64.2	4029.51	4951.88	957.825	7.77058	8.60443	0	51.4432	97.8254	5.672	72.5574	7.72143	2.57381	153.305	13.987	8.43256	-0.0452245	-8.43232	-0.0451432	0	0	0	0.307288	0.0124036	0.0124036	0.0124036	1.59368e+06
64.5	3945.67	4852.95	955.57	7.76401	8.70169	0	50.3728	97.5951	5.55868	72.496	7.72796	2.57599	167.293	13.9752	8.33126	-0.404281	-8.32135	-0.0396337	0	0	0	2.78145	0.0146968	0.0146968	0.0146968	1.31705e+06
64.8	4266.41	5249.72	980.527	7.76065	8.63927	0	54.4676	100.144	6.01315	72.4646	7.73131	2.5771	181.274	13.9692	8.38782	-0.473897	-8.37429	0.0466486	0	0	0	3.23888	0.0141575	0.0141575	0.0141575	1.976e+06
65.1	4053.8	4989.78	960.745	7.75806	8.55479	0	51.7533	98.1237	5.71541	72.4404	7.73389	2.57796	195.247	13.9645	8.46782	-0.45241	-8.4557	-0.0223765	0	0	0	3.06261	0.0180898	0.0180898	0.0180898	1.49009e+06
65.4	4234.08	5213.39	976.616	7.75552	8.66356	0	54.0549	99.7446	5.97154	72.4167	7.73643	2.57881	209.214	13.9599	8.35877	-0.334656	-8.35197	-0.0408557	0	0	0	2.29456	0.00916968	0.00916968	0.00916968	1.19584e+06
65.7	4100.59	5050.28	964.028	7.75359	8.58104	0	52.3507	98.4589	5.78471	72.3987	7.73835	2.57945	223.176	13.9565	8.43705	-0.254379	-8.43321	0.0148155	0	0	0	1.72774	0.0183616	0.0183616	0.0183616	1.9546e+06
66	4245.57	5230.24	979.427	7.75151	8.69433	0	54.2016	100.032	5.99084	72.3792	7.74043	2.58014	237.134	13.9527	8.32488	-0.292804	-8.31603	0.247928	0	0	0	2.01653	0.00412965	0.00412965	0.00412965	227948
66.3	3990.79	4918.08	955.686	7.7488	8.76161	0	50.9488	97.6069	5.63329	72.3539	7.74314	2.58105	251.089	13.9478	8.25806	-0.245426	-8.25295	0.155168	0	0	0	1.70336	-0.0142923	-0.0142923	-0.0142923	552441
66.6	4372.82	5389.65	993.495	7.7477	8.67919	0	55.8261	101.469	6.17343	72.3437	7.74423	2.58141	265.039	13.9459	8.33531	-0.149431	-8.33196	0.183292	0	0	0	1.02747	0.0251886	0.0251886	0.0251886	2.11534e+06
66.9	4216.74	5196.91	978.429	7.74824	8.59886	0	53.8334	99.9298	5.95266	72.3487	7.7437	2.58123	278.986	13.9468	8.41376	-0.0068546	-8.41086	0.220886	0	0	0	0.0466944	0.0285865	0.0285865	0.0285865	2.26033e+06
67.2	4135.98	5098.2	971.57	7.747	8.73119	0	52.8025	99.2292	5.8396	72.3371	7.74494	2.58165	292.932	13.9446	8.28492	-0.0188407	-8.28475	0.0484582	0	0	0	0.130298	0.00901839	0.00901839	0.00901839	2.06312e+06
67.5	3802.29	4690.64	940.006	7.74077	8.47748	0	48.5423	96.0055	5.37277	72.279	7.75117	2.58372	306.878	13.9334	8.526	-0.00339654	-8.52595	0.0291628	0	0	0	0.0228253	0.00763351	0.00763351	0.00763351	712168
67.8	3723.95	4600.09	933.077	7.73054	8.34531	0	47.5423	95.2978	5.26905	72.1835	7.76142	2.58714	320.817	13.915	8.64959	0.0510969	-8.64942	-0.0193055	0	0	0	-0.338474	0.00257663	0.00257663	0.00257663	1.25568e+06
68.1	3854.57	4767.2	936.809	7.7212	8.25449	0	49.2098	95.679	5.46046	72.0962	7.77081	2.59027	334.741	13.8982	8.73418	0.0430181	-8.73407	0.00472046	0	0	0	-0.282198	0.017592	0.017592	0.017592	1.94381e+06
68.4	4002.41	4954.09	953.244	7.71489	8.18485	0	51.0973	97.3576	5.67453	72.0374	7.77716	2.59239	348.647	13.8868	8.80131	0.0191316	-8.80117	-0.0458183	0	0	0	-0.124547	0.0209286	0.0209286	0.0209286	1.84208e+06
68.7	4117.58	5098.59	963.749	7.71194	8.20058	0	52.5675	98.4304	5.84004	72.0098	7.78015	2.59338	2.53992	13.8815	8.78105	0.0161541	-8.77642	-0.284782	0	0	0	-0.10546	0.0183011	0.0183011	0.0183011	2.08631e+06
69	4382.9	5426.22	988.36	7.71322	8.02513	0	55.9548	100.944	6.21532	72.0217	7.77885	2.59295	16.4241	13.8838	8.97453	0.192794	-8.96242	-0.424239	0	0	0	-1.23232	0.0231539	0.0231539	0.0231539	1.91355e+06
69.3	4133.96	5117.13	968.854	7.71455	8.0692	0	52.7766	98.9519	5.86128	72.0342	7.77751	2.5925	30.3067	13.8862	8.92705	0.13246	-8.91948	-0.342834	0	0	0	-0.850815	0.0201746	0.0201746	0.0201746	2.22647e+06
69.6	3814.06	4724.12	933.466	7.70971	8.09071	0	48.6926	95.3376	5.41113	71.9889	7.7824	2.59413	44.1917	13.8775	8.89772	-0.00558982	-8.8938	-0.263964	0	0	0	0.0360108	0.0209863	0.0209863	0.0209863	2.20121e+06
69.9	3875.27	4804.66	936.061	7.70213	8.22274	0	49.4741	95.6026	5.50337	71.9182	7.79005	2.59668	58.0735	13.8638	8.74626	0.0802059	-8.74392	-0.185823	0	0	0	-0.525546	-0.0010244	-0.0010244	-0.0010244	766116
70.2	3739.42	4640.96	925.972	7.69427	8.36382	0	47.7397	94.5722	5.31587	71.8448	7.79801	2.59934	71.9442	13.8497	8.58995	-0.103259	-8.58842	-0.124912	0	0	0	0.688839	-0.0164966	-0.0164966	-0.0164966	196625
70.5	3698.73	4596.3	921.17	7.68449	8.19665	0	47.2202	94.0817	5.26472	71.7535	7.80794	2.60265	85.801	13.8321	8.75399	-0.140785	-8.75076	-0.191756	0	0	0	0.921712	0.00217279	0.00217279	0.00217279	581925
70.8	3922.21	4878.92	942.265	7.67677	8.08161	0	50.0733	96.2363	5.58843	71.6814	7.81579	2.60526	99.6419	13.8182	8.8697	-0.137629	-8.86612	-0.210919	0	0	0	0.889331	-0.0156582	-0.0156582	-0.0156582	-537391
71.1	3839.56	4779.42	939.733	7.67144	7.94722	0	49.0181	95.9776	5.47446	71.6317	7.82121	2.60707	113.467	13.8086	9.01342	-0.270058	-9.00802	-0.15622	0	0	0	1.7172	-0.0196357	-0.0196357	-0.0196357	282756
71.4	3752.65	4675.78	937.259	7.664	7.84092	0	47.9086	95.7249	5.35575	71.5621	7.82881	2.6096	127.28	13.7952	9.12675	-0.232656	-9.12378	0.00544302	0	0	0	1.46072	0.0260653	0.0260653	0.0260653	1.96068e+06
71.7	3911.27	4877.65	947.075	7.65734	7.74887	0	49.9336	96.7275	5.58698	71.5	7.83561	2.61187	141.082	13.7832	9.22715	-0.196733	-9.22331	-0.179525	0	0	0	1.22193	0.0180195	0.0180195	0.0180195	1.49673e+06
72	3783.82	4722.07	926.927	7.6519	7.8466	0	48.3065	94.6697	5.40877	71.4492	7.84119	2.61373	154.871	13.7734	9.10575	-0.109722	-9.10246	-0.219163	0	0	0	0.690618	0.00685407	0.00685407	0.00685407	2.0252e+06
72.3	3893.03	4862.17	930.41	7.64591	7.91118	0	49.7008	95.0255	5.56925	71.3932	7.84734	2.61578	168.65	13.7626	9.02435	-0.130217	-9.01713	-0.336413	0	0	0	0.827353	0.00484526	0.00484526	0.00484526	537637
72.6	3839.13	4797.84	926.569	7.64114	7.90148	0	49.0126	94.6332	5.49556	71.3487	7.85223	2.61741	182.418	13.754	9.02978	0.0173919	-9.02767	-0.194788	0	0	0	-0.110381	-0.0148504	-0.0148504	-0.0148504	773271
72.9	3769.38	4714.36	919.066	7.63517	7.98277	0	48.1222	93.8669	5.39995	71.2929	7.85837	2.61946	196.176	13.7433	8.93085	0.0684116	-8.92837	-0.199056	0	0	0	-0.439007	0.00860651	0.00860651	0.00860651	1.10026e+06
73.2	3954.19	4948.77	933.896	7.63013	8.04901	0	50.4816	95.3815	5.66844	71.2459	7.86356	2.62119	209.925	13.7342	8.85151	0.155523	-8.84599	-0.271014	0	0	0	-1.00723	-0.0135039	-0.0135039	-0.0135039	-440071
73.5	3623.71	4538.59	913.983	7.62438	8.19174	0	46.2625	93.3477	5.1986	71.1922	7.86949	2.62316	223.664	13.7239	8.69073	0.211848	-8.68593	-0.196606	0	0	0	-1.39715	-0.0453522	-0.0453522	-0.0453522	-1.01713e+06
73.8	3555.18	4458.76	909.94	7.61411	8.16257	0	45.3876	92.9347	5.10717	71.0963	7.88011	2.6267	237.393	13.7054	8.71004	0.0817836	-8.70618	-0.246008	0	0	0	-0.538206	-0.0175265	-0.0175265	-0.0175265	-897030
74.1	3366.64	4229.58	890.83	7.60101	8.33311	0	42.9806	90.9831	4.84466	70.974	7.89369	2.63123	251.107	13.6818	8.5171	0.176664	-8.51363	-0.166906	0	0	0	-1.18876	-0.0122505	-0.0122505	-0.0122505	53718.3
74.4	3813.1	4796.11	930.467	7.59208	8.46194	0	48.6804	95.0312	5.49358	70.8906	7.90298	2.63433	264.801	13.6657	8.37758	0.158453	-8.37535	-0.111168	0	0	0	-1.08385	0.0265444	0.0265444	0.0265444	2.9766e+06
74.7	3934.14	4950.79	933.991	7.58833	8.38495	0	50.2256	95.3912	5.67076	70.8556	7.90687	2.63562	278.475	13.659	8.45033	0.0610677	-8.44975	-0.0773608	0	0	0	-0.414078	0.0290076	0.0290076	0.0290076	1.27064e+06
75	3473.41	4374.72	878.127	7.5819	8.4389	0	44.3437	89.6856	5.0109	70.7956	7.91358	2.63786	292.137	13.6474	8.38919	-0.15618	-8.38565	-0.187267	0	0	0	1.06699	-0.014865	-0.014865	-0.014865	1.17821e+06
75.3	3496.31	4409.92	874.577	7.57094	8.42464	0	44.636	89.323	5.05123	70.6933	7.92504	2.64168	305.79	13.6277	8.39125	-0.24095	-8.38545	-0.19822	0	0	0	1.6459	0.020037	0.020037	0.020037	1.69443e+06
75.6	3640.01	4596.97	888.876	7.56139	8.27546	0	46.4706	90.7835	5.26548	70.604	7.93505	2.64502	319.428	13.6105	8.53173	-0.395719	-8.52205	-0.0924457	0	0	0	2.6586	0.00869329	0.00869329	0.00869329	888599
75.9	3683.92	4656.3	897.357	7.5551	8.37543	0	47.0311	91.6496	5.33344	70.5453	7.94166	2.64722	333.047	13.5992	8.42289	-0.457493	-8.41028	-0.0546392	0	0	0	3.11365	-0.0325086	-0.0325086	-0.0325086	-582401
76.2	3513.12	4445.05	880.428	7.54724	8.40778	0	44.8507	89.9206	5.09147	70.4719	7.94993	2.64998	346.652	13.585	8.38175	-0.326175	-8.3751	-0.0708805	0	0	0	2.23031	-0.0188242	-0.0188242	-0.0188242	-950788
76.5	3122.49	3958.24	846.974	7.53304	8.48936	0	39.8636	86.5038	4.53387	70.3393	7.96491	2.65497	0.243933	13.5595	8.28559	-0.174078	-8.28376	0.0063654	0	0	0	1.20386	-0.0226657	-0.0226657	-0.0226657	-957191
76.8	3591.94	4560.63	900.832	7.52101	8.70574	0	45.8569	92.0045	5.22385	70.227	7.97765	2.65922	13.8162	13.5378	8.06674	-0.274403	-8.06207	-0.00616644	0	0	0	1.94938	-0.0130929	-0.0130929	-0.0130929	22921.7
77.1	4169.41	5294.09	943.742	7.52064	8.8019	0	53.2293	96.387	6.06398	70.2236	7.97804	2.65935	27.3648	13.5372	7.97823	-0.340775	-7.96947	0.153223	0	0	0	2.44848	0.00909064	0.00909064	0.00909064	657951
77.4	3764.61	4779.21	903.02	7.52204	8.94626	0	48.0613	92.228	5.47422	70.2366	7.97656	2.65885	40.9023	13.5397	7.85095	-0.589335	-7.82757	0.138944	0	0	0	4.30565	0.00642044	0.00642044	0.00642044	1.12373e+06
77.7	3519.91	4471.86	874.405	7.51647	8.85362	0	44.9372	89.3054	5.12218	70.1846	7.98247	2.66082	54.4407	13.5296	7.92722	-0.93417	-7.86954	0.195857	0	0	0	6.76973	0.0142944	0.0142944	0.0142944	1.42316e+06
78	3609.78	4590.39	884.738	7.50935	8.86724	0	46.0847	90.3608	5.25795	70.1181	7.99004	2.66335	67.9754	13.5168	7.90755	-1.08502	-7.83271	0.0256186	0	0	0	7.88664	0.0206496	0.0206496	0.0206496	1.84246e+06
78.3	3604.88	4587.87	879.083	7.50329	9.02281	0	46.0221	89.7832	5.25505	70.0615	7.99649	2.6655	81.4986	13.5059	7.76493	-0.98063	-7.70206	0.103821	0	0	0	7.25589	0.000564336	0.000564336	0.000564336	504996
78.6	3634.04	4628.29	880.494	7.49791	9.21632	0	46.3944	89.9273	5.30136	70.0113	8.00223	2.66741	95.01	13.4962	7.59644	-0.725295	-7.55984	0.16968	0	0	0	5.48022	-0.0221866	-0.0221866	-0.0221866	-753083
78.9	3551.64	4526.89	876.903	7.49205	9.42598	0	45.3424	89.5606	5.18521	69.9565	8.00849	2.6695	108.511	13.4857	7.42167	-0.534044	-7.39822	0.249539	0	0	0	4.12876	-0.0226217	-0.0226217	-0.0226217	-1.04739e+06
79.2	3441.56	4391.25	866.135	7.48407	9.52661	0	43.937	88.4609	5.02984	69.8821	8.01703	2.67234	122.002	13.4713	7.33546	-0.443389	-7.31298	0.364351	0	0	0	3.46962	-0.0188674	-0.0188674	-0.0188674	-831008
79.5	3656.78	4669.88	882.207	7.47764	9.51977	0	46.6846	90.1023	5.34899	69.822	8.02393	2.67464	135.481	13.4597	7.33442	-0.359448	-7.31978	0.292144	0	0	0	2.81133	-0.0350284	-0.0350284	-0.0350284	-1.75232e+06
79.8	3852.2	4920.26	905.882	7.47639	9.64723	0	49.1795	92.5203	5.63578	69.8103	8.02527	2.67509	148.946	13.4575	7.23631	-0.204855	-7.23036	0.209723	0	0	0	1.62291	-0.0248268	-0.0248268	-0.0248268	-623491
80.1	3921.08	5007.28	912.641	7.47782	9.72493	0	50.0589	93.2106	5.73546	69.8237	8.02373	2.67458	162.405	13.4601	7.17987	-0.24715	-7.17403	0.150842	0	0	0	1.9731	0.0146945	0.0146945	0.0146945	916434
80.4	3811.45	4866.75	901.575	7.47863	9.89909	0	48.6593	92.0804	5.5745	69.8313	8.02286	2.67429	175.864	13.4615	7.05432	-0.238321	-7.04712	0.211382	0	0	0	1.9369	0.0138292	0.0138292	0.0138292	966320
80.7	3698.62	4723.56	889.323	7.47725	9.85697	0	47.2189	90.8291	5.41048	69.8184	8.02434	2.67478	189.324	13.459	7.08315	-0.100327	-7.07667	0.285889	0	0	0	0.812238	-0.00775798	-0.00775798	-0.00775798	-172627
81	3959.01	5055.78	909.011	7.47774	9.77241	0	50.5432	92.8398	5.79101	69.823	8.02381	2.6746	202.785	13.4599	7.14491	0.100702	-7.13456	0.371035	0	0	0	-0.808658	-0.0160693	-0.0160693	-0.0160693	-592246
81.3	3990.37	5093.36	912.298	7.48136	9.73145	0	50.9435	93.1756	5.83406	69.8567	8.01994	2.67331	216.244	13.4664	7.17845	0.104527	-7.17605	0.153297	0	0	0	-0.834512	-0.0224735	-0.0224735	-0.0224735	-1.00837e+06
81.6	3504.18	4473.82	872.202	7.47961	9.63886	0	44.7364	89.0804	5.12442	69.8404	8.02181	2.67394	229.707	13.4633	7.24572	0.273528	-7.23333	0.323283	0	0	0	-2.16561	-0.0214252	-0.0214252	-0.0214252	-755346
81.9	3426.38	4379.19	866.257	7.47159	9.59291	0	43.7432	88.4733	5.01603	69.7655	8.03042	2.67681	243.172	13.4489	7.27262	0.241597	-7.26771	0.114012	0	0	0	-1.90396	-0.0269135	-0.0269135	-0.0269135	-1.33442e+06
82.2	3523.44	4507.65	873.583	7.46428	9.48059	0	44.9823	89.2215	5.16316	69.6973	8.03828	2.67943	256.628	13.4357	7.35158	0.270162	-7.3466	-0.0145776	0	0	0	-2.10603	-0.0242851	-0.0242851	-0.0242851	-865254
82.5	3622.31	4637.31	887.674	7.45917	9.56765	0	46.2446	90.6607	5.31168	69.6495	8.04379	2.68126	270.071	13.4265	7.27969	0.19209	-7.27698	-0.0510854	0	0	0	-1.51208	0.00139111	0.00139111	0.00139111	131456
82.8	3933.13	5035.52	915.599	7.45872	9.33124	0	50.2127	93.5127	5.76781	69.6454	8.04427	2.68142	283.502	13.4257	7.46368	-0.0993597	-7.46149	0.151263	0	0	0	0.762925	-0.00371927	-0.00371927	-0.00371927	-25590.9
83.1	3917.8	5013.81	915.196	7.46184	8.99242	0	50.017	93.4716	5.74294	69.6745	8.04092	2.68031	296.928	13.4313	7.74813	-0.11959	-7.74649	0.105265	0	0	0	0.884461	-0.0253049	-0.0253049	-0.0253049	-1.10714e+06
83.4	3861.21	4939.84	913.968	7.46417	8.91695	0	49.2945	93.3462	5.65821	69.6963	8.0384	2.67947	310.356	13.4355	7.81616	-0.16948	-7.81144	0.212175	0	0	0	1.24291	-0.0127008	-0.0127008	-0.0127008	-244289
83.7	4333.64	5539.12	946.193	7.47108	8.79291	0	55.3258	96.6374	6.34464	69.7608	8.03097	2.67699	323.79	13.4479	7.93375	-0.259	-7.92877	0.109339	0	0	0	1.87095	-0.0126976	-0.0126976	-0.0126976	-803838
84	4417.8	5636.75	953.341	7.48427	8.9694	0	56.4004	97.3674	6.45646	69.8839	8.01681	2.67227	337.231	13.4717	7.79137	-0.204256	-7.78869	0.00153988	0	0	0	1.50222	-0.0238196	-0.0238196	-0.0238196	-790983
84.3	3707.21	4726.71	899.17	7.48961	8.79636	0	47.3284	91.8348	5.41408	69.9338	8.01109	2.67036	350.691	13.4813	7.95031	-0.420996	-7.93581	-0.23056	0	0	0	3.03671	-0.0090383	-0.0090383	-0.0090383	-305460
84.6	3438.21	4387.19	866.588	7.48371	8.75188	0	43.8942	88.5072	5.02519	69.8787	8.01741	2.67247	4.16771	13.4707	7.98442	-0.470526	-7.95663	-0.470889	0	0	0	3.38433	-0.0253485	-0.0253485	-0.0253485	-1.43312e+06
84.9	3408.12	4353.77	862.22	7.47516	8.7045	0	43.5101	88.0609	4.98691	69.7989	8.02658	2.67553	17.6437	13.4553	8.01871	-0.476493	-8.00161	-0.216808	0	0	0	3.40792	-0.0342619	-0.0342619	-0.0342619	-1.00307e+06
85.2	3795.58	4851.74	904.224	7.47053	8.54527	0	48.4566	92.351	5.5573	69.7556	8.03156	2.67719	31.1067	13.447	8.16307	-0.492459	-8.13493	-0.464852	0	0	0	3.46425	-0.0110832	-0.0110832	-0.0110832	-606456
85.5	4079.72	5212.9	926.496	7.47348	8.6598	0	52.0842	94.6257	5.97098	69.7832	8.02839	2.67613	44.5578	13.4523	8.05829	-0.443136	-8.03644	-0.394111	0	0	0	3.15614	-0.0146605	-0.0146605	-0.0146605	-269138
85.8	3935.11	5025.03	915.97	7.47808	8.76765	0	50.2381	93.5506	5.75579	69.8261	8.02345	2.67448	58.0074	13.4605	7.96406	-0.316688	-7.95775	-0.0124773	0	0	0	2.27895	-0.00351092	-0.00351092	-0.00351092	526037
86.1	4014.43	5123.97	926.338	7.48149	8.86451	0	51.2506	94.6095	5.86912	69.858	8.01979	2.67326	71.4638	13.4667	7.88064	-0.476533	-7.86546	0.108877	0	0	0	3.46705	-0.00406917	-0.00406917	-0.00406917	-450384
86.4	4114.22	5247.26	927.601	7.48732	8.88506	0	52.5247	94.7385	6.01034	69.9124	8.01355	2.67118	84.9275	13.4772	7.86854	-0.418535	-7.85739	0.0129451	0	0	0	3.04906	-0.0226975	-0.0226975	-0.0226975	-596266
86.7	3812.04	4859.84	899.506	7.49044	8.80583	0	48.6669	91.8691	5.56658	69.9415	8.01021	2.67007	98.3994	13.4828	7.94264	-0.0981223	-7.94198	-0.027879	0	0	0	0.707847	-0.00604428	-0.00604428	-0.00604428	-498138
87	3776.58	4815.24	902.893	7.4895	8.82297	0	48.2141	92.215	5.51549	69.9327	8.01122	2.67041	111.879	13.4811	7.92621	-0.0766703	-7.92445	0.148654	0	0	0	0.554328	-0.0100932	-0.0100932	-0.0100932	-550600
87.3	3431.15	4377.75	874.278	7.48446	8.87214	0	43.8042	89.2926	5.01438	69.8857	8.01661	2.6722	125.361	13.472	7.87698	-0.0440877	-7.87501	-0.170864	0	0	0	0.320763	-0.0244793	-0.0244793	-0.0244793	-819813
87.6	3612.27	4612.98	884.929	7.47774	8.74767	0	46.1165	90.3803	5.28382	69.823	8.02381	2.6746	138.838	13.4599	7.98189	-0.141163	-7.97659	-0.254146	0	0	0	1.01387	-0.0182988	-0.0182988	-0.0182988	-822817
87.9	3685.27	4708.64	887.92	7.47386	8.71774	0	47.0483	90.6858	5.39338	69.7868	8.02798	2.67599	152.304	13.453	8.00514	-0.181632	-7.99843	-0.272768	0	0	0	1.30087	-0.0258178	-0.0258178	-0.0258178	-1.0739e+06
88.2	3879.29	4956.83	901.53	7.47343	8.78295	0	49.5254	92.0758	5.67767	69.7827	8.02845	2.67615	165.76	13.4522	7.94524	-0.108727	-7.94084	-0.240962	0	0	0	0.784453	-0.0183089	-0.0183089	-0.0183089	-650902
88.5	4197.51	5359.78	927.67	7.47853	8.82083	0	53.5879	94.7456	6.13921	69.8303	8.02297	2.67432	179.213	13.4614	7.91653	-0.140899	-7.91522	0.0302976	0	0	0	1.01982	-0.00852377	-0.00852377	-0.00852377	-659872
88.8	3760.64	4799.7	897.175	7.48202	8.96705	0	48.0106	91.6311	5.49769	69.8629	8.01923	2.67308	192.67	13.4676	7.79107	-0.00378983	-7.79106	0.0113947	0	0	0	0.0278706	-0.0230969	-0.0230969	-0.0230969	-1.03177e+06
89.1	3890.08	4964.62	904.098	7.48245	9.02011	0	49.6631	92.3381	5.6866	69.8669	8.01877	2.67292	206.134	13.4684	7.74569	0.0350415	-7.74424	-0.145366	0	0	0	-0.259253	-0.0154755	-0.0154755	-0.0154755	-807709
89.4	3882.86	4954.49	903.22	7.48385	9.16535	0	49.571	92.2484	5.67499	69.88	8.01727	2.67242	219.602	13.4709	7.62436	0.00121826	-7.62122	-0.21906	0	0	0	-0.00915882	-0.00694509	-0.00694509	-0.00694509	-568853
89.7	3714.58	4740.06	892.227	7.48337	9.13718	0	47.4226	91.1257	5.42937	69.8756	8.01778	2.67259	233.072	13.4701	7.64739	0.0785611	-7.64045	-0.316083	0	0	0	-0.589109	-0.00917044	-0.00917044	-0.00917044	50646
90	3499.36	4468.31	877.919	7.47855	9.21597	0	44.675	89.6643	5.11811	69.8305	8.02295	2.67432	246.542	13.4614	7.57712	0.0660298	-7.57368	-0.218501	0	0	0	-0.499511	0.0105982	0.0105982	0.0105982	876808
90.3	3771.34	4818.31	898.758	7.47433	9.09566	0	48.1472	91.7928	5.51901	69.7911	8.02748	2.67583	260.008	13.4538	7.67301	-0.114341	-7.67192	-0.0601207	0	0	0	0.853866	0.00319105	0.00319105	0.00319105	-260001
90.6	3805.78	4862.5	897.266	7.47404	9.12818	0	48.5869	91.6404	5.56962	69.7884	8.02779	2.67593	273.466	13.4533	7.64538	-0.339588	-7.63731	0.0895631	0	0	0	2.54594	-0.00860671	-0.00860671	-0.00860671	-19908.5
90.9	3912.94	4998.78	902.548	7.47499	9.21338	0	49.9549	92.1798	5.72572	69.7973	8.02677	2.67559	286.919	13.455	7.57564	-0.220031	-7.56717	0.282507	0	0	0	1.66552	-0.0121846	-0.0121846	-0.0121846	-1.50729e+06
91.2	3875.03	4949.12	899.969	7.47684	8.97888	0	49.4709	91.9164	5.66884	69.8145	8.02478	2.67493	300.373	13.4583	7.77541	-0.051216	-7.76858	0.321786	0	0	0	0.377729	-0.0437051	-0.0437051	-0.0437051	-2.4898e+06
91.5	4075.27	5202.05	919.255	7.48089	8.75915	0	52.0274	93.8862	5.95855	69.8524	8.02043	2.67348	313.83	13.4656	7.97479	-0.0242508	-7.97173	0.219461	0	0	0	0.174299	-0.034636	-0.034636	-0.034636	-2.26835e+06
91.8	3797.25	4845.55	899.297	7.48338	9.00655	0	48.478	91.8478	5.55021	69.8756	8.01777	2.67259	327.292	13.4701	7.75831	0.131512	-7.75692	0.0651399	0	0	0	-0.97131	0.000331994	0.000331994	0.000331994	-400227
92.1	4034.09	5146.18	917.333	7.48569	9.1149	0	51.5017	93.6899	5.89456	69.8972	8.01529	2.67176	340.76	13.4742	7.66846	0.143975	-7.66516	-0.172643	0	0	0	-1.07606	0.0146639	0.0146639	0.0146639	962176
92.4	3760.56	4796.29	899.079	7.48718	8.97674	0	48.0096	91.8255	5.49379	69.9111	8.0137	2.67123	354.232	13.4769	7.78803	0.183857	-7.77801	-0.349468	0	0	0	-1.35411	0.0130473	0.0130473	0.0130473	514842
92.7	3828.83	4883.79	905.054	7.48654	8.83006	0	48.8812	92.4357	5.59401	69.9051	8.01439	2.67146	7.70746	13.4758	7.91672	0.22548	-7.91274	-0.109656	0	0	0	-1.63225	-0.00728128	-0.00728128	-0.00728128	-489148
93	3846.79	4906.33	906.317	7.48709	8.87401	0	49.1104	92.5647	5.61982	69.9102	8.0138	2.67127	21.1838	13.4768	7.87809	0.167026	-7.87628	0.0245373	0	0	0	-1.21485	0.00194433	0.00194433	0.00194433	248228
93.3	3844.95	4903.83	903.234	7.48732	8.80165	0	49.087	92.2499	5.61697	69.9125	8.01354	2.67118	34.6601	13.4772	7.94311	0.205371	-7.94021	-0.0624401	0	0	0	-1.48161	0.0145988	0.0145988	0.0145988	149107
93.6	3907.87	4983.38	906.29	7.48839	8.70503	0	49.8903	92.562	5.70808	69.9224	8.01241	2.6708	48.137	13.4791	8.03241	0.348864	-8.02406	-0.111551	0	0	0	-2.4895	-0.0195653	-0.0195653	-0.0195653	-1.24369e+06
93.9	3907.12	4981.08	906.59	7.49041	8.74028	0	49.8807	92.5926	5.70544	69.9412	8.01025	2.67008	61.6152	13.4827	8.00217	0.257353	-7.99512	-0.215859	0	0	0	-1.84365	-0.0346997	-0.0346997	-0.0346997	-2.14366e+06
94.2	4114.4	5242.44	924.338	7.49452	8.70943	0	52.5269	94.4053	6.00482	69.9796	8.00585	2.66862	75.0961	13.4901	8.03493	0.361492	-8.02041	-0.319926	0	0	0	-2.58066	-0.0243073	-0.0243073	-0.0243073	-1.96961e+06
94.5	4135.58	5264.8	931.337	7.50111	8.8733	0	52.7973	95.1201	6.03043	70.0412	7.99881	2.66627	88.5825	13.502	7.89348	0.229857	-7.88974	-0.0791996	0	0	0	-1.66877	-0.0137558	-0.0137558	-0.0137558	-754665
94.8	4207.11	5350.53	941.847	7.50859	9.00897	0	53.7105	96.1935	6.12863	70.111	7.99085	2.66362	102.079	13.5155	7.78235	0.38103	-7.77289	-0.0448733	0	0	0	-2.80641	0.0108074	0.0108074	0.0108074	431499
95.1	4028.43	5119.42	919.649	7.51428	9.01541	0	51.4294	93.9264	5.8639	70.1641	7.9848	2.6616	115.587	13.5257	7.78269	0.327287	-7.7755	-0.0685809	0	0	0	-2.41027	0.00963104	0.00963104	0.00963104	136911
95.4	3792.08	4818.25	899.808	7.51554	9.13902	0	48.4121	91.9	5.51893	70.176	7.98345	2.66115	129.108	13.528	7.67872	0.348523	-7.67076	0.0274638	0	0	0	-2.60146	0.00862962	0.00862962	0.00862962	845784
95.7	3917.81	4978.12	914.962	7.51537	9.41153	0	50.0172	93.4477	5.70205	70.1743	7.98364	2.66121	142.635	13.5277	7.4562	0.267868	-7.45027	0.12929	0	0	0	-2.05913	0.0285653	0.0285653	0.0285653	1.30466e+06
96	3787.11	4812.48	903.938	7.51469	9.38765	0	48.3486	92.3218	5.51232	70.168	7.98436	2.66145	156.163	13.5264	7.47451	0.140139	-7.46916	0.245561	0	0	0	-1.07487	-0.00585436	-0.00585436	-0.00585436	-887050
96.3	3705.17	4709.85	896.643	7.51229	9.37795	0	47.3024	91.5768	5.39478	70.1456	7.98691	2.6623	169.69	13.5221	7.47984	0.290441	-7.47159	0.197423	0	0	0	-2.22612	-0.0330498	-0.0330498	-0.0330498	-1.69727e+06
96.6	4178.19	5309.85	938.493	7.51411	9.46797	0	53.3413	95.851	6.08203	70.1625	7.98498	2.66166	183.214	13.5254	7.41052	0.278854	-7.40304	0.181712	0	0	0	-2.15717	-0.0282367	-0.0282367	-0.0282367	-2.39507e+06
96.9	4555.47	5780.55	971.649	7.5255	9.63425	0	58.1579	99.2373	6.62118	70.2689	7.97289	2.65763	196.738	13.5459	7.29365	0.33729	-7.28339	0.189183	0	0	0	-2.65144	-0.0370759	-0.0370759	-0.0370759	-1.9923e+06
97.2	4343.72	5502.47	958.598	7.53833	9.74645	0	55.4545	97.9043	6.30266	70.3888	7.95932	2.65311	210.273	13.569	7.22199	0.308407	-7.21432	0.125089	0	0	0	-2.44787	-0.0123361	-0.0123361	-0.0123361	-961082
97.5	4262.71	5393.5	948.8	7.54721	9.68366	0	54.4203	96.9037	6.17784	70.4717	7.94996	2.64999	223.831	13.585	7.27738	0.432782	-7.26375	0.104042	0	0	0	-3.40971	-0.00319193	-0.00319193	-0.00319193	-996609
97.8	4244.91	5365.38	942.474	7.55507	9.70298	0	54.1931	96.2576	6.14564	70.5451	7.94168	2.64723	237.408	13.5991	7.27045	0.279891	-7.26472	0.0706147	0	0	0	-2.20637	-0.0297606	-0.0297606	-0.0297606	-1.85629e+06
98.1	4040.49	5103.48	931.713	7.5603	9.58286	0	51.5834	95.1585	5.84565	70.5938	7.9362	2.6454	251	13.6085	7.36668	0.0523819	-7.36649	0.00159969	0	0	0	-0.407414	-0.0139217	-0.0139217	-0.0139217	-617392
98.4	3662.77	4627.68	896.385	7.5582	9.50733	0	46.7612	91.5504	5.30065	70.5743	7.9384	2.64613	264.604	13.6048	7.42314	0.219249	-7.41872	0.132154	0	0	0	-1.6928	0.00309889	0.00309889	0.00309889	-116430
98.7	3754.1	4746.08	904.322	7.5534	9.44818	0	47.9271	92.361	5.43627	70.5294	7.94344	2.64781	278.21	13.5961	7.46487	0.188662	-7.45968	0.204804	0	0	0	-1.44875	-0.00607994	-0.00607994	-0.00607994	-51189.5
99	3987.64	5042.15	928.676	7.55217	9.29249	0	50.9087	94.8483	5.7754	70.518	7.94474	2.64825	291.811	13.5939	7.58871	0.173612	-7.58666	0.0289713	0	0	0	-1.31092	-0.01474	-0.01474	-0.01474	-1.24179e+06
99.3	3941.69	4983.52	925.842	7.55297	9.20007	0	50.322	94.5589	5.70824	70.5254	7.9439	2.64797	305.406	13.5953	7.66575	0.24926	-7.65891	0.206534	0	0	0	-1.86404	-0.0270574	-0.0270574	-0.0270574	-1.69758e+06
99.6	4014.76	5075.09	931.308	7.55418	8.97125	0	51.2549	95.1172	5.81313	70.5367	7.94262	2.64754	319	13.5975	7.86253	0.232712	-7.85598	0.220931	0	0	0	-1.69674	-0.0219719	-0.0219719	-0.0219719	-1.7531e+06
99.9	4454.88	5626.25	967.415	7.56116	8.85289	0	56.8737	98.8049	6.44444	70.6019	7.93529	2.6451	332.597	13.6101	7.97501	0.546423	-7.95496	0.14449	0	0	0	-3.92945	-0.008633	-0.008633	-0.008633	-707094
100.2	4160.22	5248.56	945.474	7.56914	8.87946	0	53.1119	96.564	6.01183	70.6764	7.92692	2.64231	346.201	13.6245	7.95954	0.535685	-7.94115	-0.074678	0	0	0	-3.85915	-0.0160025	-0.0160025	-0.0160025	-1.49653e+06
100.5	4238.96	5343.78	955.086	7.575	8.65327	0	54.1172	97.5456	6.12089	70.7311	7.92079	2.64026	359.818	13.635	8.17392	0.449734	-8.16152	0.0171597	0	0	0	-3.15405	-0.0177091	-0.0177091	-0.0177091	-1.05636e+06
100.8	4017.85	5062.54	940.383	7.57873	8.48177	0	51.2943	96.044	5.79875	70.7659	7.9169	2.63897	13.4476	13.6417	8.3433	0.327448	-8.33652	-0.0765616	0	0	0	-2.24935	-0.00830535	-0.00830535	-0.00830535	-981299
101.1	3794.47	4781.95	919.38	7.57735	8.56021	0	48.4426	93.8989	5.47736	70.7531	7.91833	2.63944	27.086	13.6392	8.26535	0.214172	-8.26257	0.000124334	0	0	0	-1.48482	-0.0212802	-0.0212802	-0.0212802	-1.43012e+06
101.4	3675.03	4634.36	908.168	7.57255	8.37673	0	46.9176	92.7538	5.3083	70.7083	7.92335	2.64112	40.7264	13.6306	8.44103	0.130157	-8.44001	0.0167362	0	0	0	-0.883511	-0.00909374	-0.00909374	-0.00909374	167186
101.7	3734.27	4712.78	907.978	7.56658	8.27559	0	47.674	92.7344	5.39813	70.6525	7.9296	2.6432	54.3613	13.6199	8.53747	-0.0328617	-8.53732	-0.0383844	0	0	0	0.220541	-0.00112368	-0.00112368	-0.00112368	-857259
102	4234.73	5343.69	950.43	7.56756	8.32957	0	54.0631	97.0702	6.12079	70.6616	7.92858	2.64286	67.9866	13.6216	8.48323	0.00325222	-8.48189	-0.150677	0	0	0	-0.0219689	-0.0292253	-0.0292253	-0.0292253	-1.51713e+06
102.3	4277.31	5392.5	951.137	7.57447	8.25993	0	54.6068	97.1424	6.1767	70.7261	7.92135	2.64045	81.6073	13.634	8.56255	-0.0180493	-8.5612	-0.151175	0	0	0	0.120794	-0.0200617	-0.0200617	-0.0200617	-1.5714e+06
102.6	4324.59	5446.75	961.167	7.58191	8.30475	0	55.2103	98.1667	6.23884	70.7956	7.91357	2.63786	95.2351	13.6474	8.52472	-0.0818695	-8.52346	-0.121627	0	0	0	0.550321	-0.00384796	-0.00384796	-0.00384796	-763867
102.9	4234.8	5328.8	957.252	7.58884	8.18691	0	54.0641	97.7669	6.10373	70.8604	7.90635	2.63545	108.876	13.6599	8.65532	-0.186529	-8.64856	-0.286589	0	0	0	1.23554	-0.0030796	-0.0030796	-0.0030796	-383411
103.2	4103.86	5161.14	948.335	7.59309	8.1462	0	52.3924	96.8562	5.91169	70.9	7.90193	2.63398	122.53	13.6676	8.70345	-0.0271176	-8.6975	-0.320484	0	0	0	0.17864	0.00568118	0.00568118	0.00568118	-174537
103.5	4131.52	5193.98	953.165	7.59593	8.11324	0	52.7455	97.3495	5.94931	70.9266	7.89897	2.63299	136.193	13.6727	8.74207	-0.113999	-8.73373	-0.364332	0	0	0	0.747823	-0.00887029	-0.00887029	-0.00887029	-1.24249e+06
103.8	3879.81	4877.18	933.918	7.5965	8.21065	0	49.532	95.3837	5.58644	70.9318	7.89838	2.63279	149.863	13.6737	8.63901	-0.199526	-8.62757	-0.397161	0	0	0	1.32482	-0.00324633	-0.00324633	-0.00324633	187723
104.1	3830.35	4817.05	930.023	7.59328	8.27357	0	48.9006	94.9859	5.51756	70.9018	7.90172	2.63391	163.537	13.6679	8.56968	-0.323151	-8.55889	-0.283559	0	0	0	2.16225	0.0210279	0.0210279	0.0210279	687574
104.4	3932.2	4946.81	938.104	7.5907	8.0219	0	50.2009	95.8113	5.6662	70.8777	7.90441	2.6348	177.207	13.6633	8.83552	-0.539936	-8.80925	-0.41479	0	0	0	3.50739	-0.011879	-0.011879	-0.011879	-738546
104.7	4053.16	5098.67	941.178	7.59116	7.90314	0	51.7451	96.1252	5.84013	70.882	7.90393	2.63464	190.873	13.6641	8.96884	-0.535719	-8.9407	-0.46594	0	0	0	3.42901	-0.0274712	-0.0274712	-0.0274712	-1.24798e+06
105	4197.53	5278.27	949.523	7.59405	7.87764	0	53.5882	96.9775	6.04585	70.909	7.90092	2.63364	204.537	13.6693	9.0013	-0.758809	-8.96217	-0.356596	0	0	0	4.83957	-0.0203051	-0.0203051	-0.0203051	-2.20696e+06
105.3	3977.38	5000.01	936.786	7.59622	7.74088	0	50.7776	95.6766	5.72713	70.9293	7.89867	2.63289	218.203	13.6732	9.16294	-0.817128	-9.12307	-0.247773	0	0	0	5.11817	-0.017551	-0.017551	-0.017551	-792796
105.6	3791.76	4768.21	924.339	7.59376	7.58709	0	48.4079	94.4054	5.46162	70.9063	7.90123	2.63374	231.875	13.6688	9.34566	-0.924102	-9.29689	-0.234698	0	0	0	5.6765	0.0168595	0.0168595	0.0168595	361378
105.9	4075.74	5126.33	954.99	7.59226	7.59467	0	52.0334	97.5359	5.87182	70.8923	7.90278	2.63426	245.546	13.6661	9.33449	-0.852021	-9.27968	-0.542422	0	0	0	5.24595	0.0122542	0.0122542	0.0122542	99128.7
106.2	3891.37	4894.47	936.588	7.59222	7.51107	0	49.6796	95.6564	5.60624	70.8919	7.90283	2.63428	259.213	13.666	9.43833	-0.872527	-9.37455	-0.662216	0	0	0	5.31743	-0.00542967	-0.00542967	-0.00542967	-218731
106.5	3783.29	4760.64	931.003	7.58883	7.46435	0	48.2997	95.086	5.45295	70.8603	7.90636	2.63545	272.879	13.6599	9.49316	-0.573809	-9.45402	-0.642175	0	0	0	3.47329	0.0243108	0.0243108	0.0243108	923580
106.8	4016.77	5055.93	954.156	7.58661	7.37051	0	51.2806	97.4507	5.79118	70.8395	7.90867	2.63622	286.542	13.6559	9.61121	-0.429408	-9.58442	-0.57432	0	0	0	2.56529	0.0126474	0.0126474	0.0126474	73659.9
107.1	4089.11	5145.77	957.693	7.5884	7.36997	0	52.2041	97.812	5.89408	70.8562	7.90681	2.6356	300.2	13.6591	9.61418	-0.376972	-9.59002	-0.567314	0	0	0	2.25107	-0.0163311	-0.0163311	-0.0163311	-360547
107.4	4216.9	5304	960.712	7.59208	7.39103	0	53.8355	98.1203	6.07533	70.8906	7.90297	2.63432	313.857	13.6657	9.59143	-0.538411	-9.564	-0.485443	0	0	0	3.2221	-0.0172404	-0.0172404	-0.0172404	-1.95718e+06
107.7	3934.7	4947.88	939.965	7.59389	7.33404	0	50.2328	96.0013	5.66742	70.9075	7.90109	2.6337	327.52	13.669	9.66828	-0.419426	-9.64578	-0.508484	0	0	0	2.48981	-0.0253247	-0.0253247	-0.0253247	-1.44813e+06
108	3830.67	4818.44	929.256	7.5917	7.26551	0	48.9046	94.9076	5.51916	70.887	7.90337	2.63446	341.187	13.6651	9.75665	-0.451198	-9.73646	-0.436007	0	0	0	2.65325	0.00271388	0.00271388	0.00271388	351110
108.3	3848.21	4842.78	923.804	7.58814	7.31731	0	49.1286	94.3507	5.54704	70.8538	7.90708	2.63569	354.854	13.6586	9.68304	-0.654366	-9.65812	-0.232182	0	0	0	3.87603	0.0310287	0.0310287	0.0310287	948864
108.6	4055.92	5104.63	939.121	7.58746	7.58025	0	51.7803	95.9151	5.84697	70.8475	7.90778	2.63593	8.51599	13.6574	9.34633	-0.574485	-9.32286	-0.32874	0	0	0	3.52617	0.0253927	0.0253927	0.0253927	1.18422e+06
108.9	3670.18	4620.93	909.375	7.58454	7.54874	0	46.8557	92.8771	5.29292	70.8202	7.91083	2.63694	22.174	13.6522	9.38172	-0.567689	-9.36081	-0.263926	0	0	0	3.47047	0.0226869	0.0226869	0.0226869	478049
109.2	3604.32	4542.75	906.518	7.57663	7.58038	0	46.015	92.5852	5.20338	70.7463	7.91909	2.6397	35.8288	13.6379	9.33283	-0.639591	-9.303	-0.383086	0	0	0	3.93295	-0.0120677	-0.0120677	-0.0120677	-1.6516e+06
109.5	4136.52	5214.65	953.064	7.57497	7.73197	0	52.8093	97.3392	5.97299	70.7308	7.92083	2.64028	49.4739	13.6349	9.14783	-0.646917	-9.1209	-0.271112	0	0	0	4.05702	-0.0270741	-0.0270741	-0.0270741	-1.11698e+06
109.8	4199.84	5291.51	956.423	7.57922	7.74839	0	53.6177	97.6822	6.06102	70.7705	7.91638	2.63879	63.1103	13.6426	9.13358	-0.421723	-9.1201	-0.261178	0	0	0	2.64753	-0.0106384	-0.0106384	-0.0106384	-1.38151e+06
110.1	3981.29	5014.47	939.761	7.58177	7.74671	0	50.8276	95.9805	5.74369	70.7943	7.91372	2.63791	76.7491	13.6472	9.13863	-0.583587	-9.11991	0.0355936	0	0	0	3.66139	-0.013446	-0.013446	-0.013446	-530826
110.4	3920.87	4938.61	930.181	7.58139	7.83714	0	50.0562	95.0021	5.6568	70.7908	7.91412	2.63804	90.394	13.6465	9.03273	-0.425282	-9.02199	0.114319	0	0	0	2.69883	0.00795969	0.00795969	0.00795969	87127.5
110.7	3762.7	4741.37	924.105	7.57821	8.07062	0	48.0369	94.3815	5.43088	70.7611	7.91744	2.63915	104.041	13.6408	8.76773	-0.352767	-8.76046	0.0549903	0	0	0	2.30595	0.0211684	0.0211684	0.0211684	524746
111	3979.85	5016.33	935.663	7.57621	8.19264	0	50.8092	95.5619	5.74583	70.7424	7.91953	2.63984	117.684	13.6372	8.63487	-0.250549	-8.63106	0.0557937	0	0	0	1.66276	0.0180868	0.0180868	0.0180868	894449
111.3	3605.36	4546.77	900.206	7.57212	8.18064	0	46.0283	91.9406	5.20798	70.7042	7.9238	2.64127	131.323	13.6298	8.64288	-0.0105025	-8.6428	-0.0347496	0	0	0	0.0696246	0.031441	0.031441	0.031441	1.07354e+06
111.6	3552.68	4485.51	895.918	7.56338	8.1043	0	45.3557	91.5026	5.13781	70.6226	7.93297	2.64432	144.957	13.6141	8.71421	-0.0475495	-8.71363	0.0880983	0	0	0	0.312654	0.0240425	0.0240425	0.0240425	743331
111.9	3923.47	4956.61	929.023	7.55887	8.13563	0	50.0894	94.8838	5.67742	70.5805	7.93769	2.6459	158.579	13.606	8.67548	-0.0946404	-8.67496	0.00162396	0	0	0	0.625049	0.0122004	0.0122004	0.0122004	682419
112.2	4145.1	5235.28	953.224	7.56077	8.17547	0	52.9188	97.3555	5.99661	70.5983	7.93569	2.64523	172.189	13.6094	8.63539	0.00928432	-8.63462	-0.114838	0	0	0	-0.0616069	0.00327262	0.00327262	0.00327262	-445977
112.5	4174.68	5269.31	953.889	7.56555	8.15745	0	53.2965	97.4234	6.0356	70.6429	7.93069	2.64356	185.797	13.618	8.65992	0.0132719	-8.65859	-0.151158	0	0	0	-0.0878228	-0.0179806	-0.0179806	-0.0179806	-1.18385e+06
112.8	4348.91	5484	968.205	7.57277	8.20724	0	55.5208	98.8856	6.2815	70.7103	7.92312	2.64104	199.41	13.631	8.6156	0.0596953	-8.61448	-0.12537	0	0	0	-0.397033	-0.00943963	-0.00943963	-0.00943963	-842012
113.1	4217.67	5313.47	956.051	7.57993	8.1752	0	53.8453	97.6442	6.08618	70.7771	7.91564	2.63855	213.035	13.6439	8.65755	0.0319361	-8.65606	-0.157229	0	0	0	-0.211389	0.0146941	0.0146941	0.0146941	94405.8
113.4	4026.29	5070.08	933.289	7.58335	8.11549	0	51.4021	95.3195	5.8074	70.8091	7.91207	2.63736	226.672	13.65	8.72518	-0.097869	-8.7196	-0.296464	0	0	0	0.643063	0.0239706	0.0239706	0.0239706	779088
113.7	3801.16	4787.36	908.461	7.58215	8.02468	0	48.528	92.7838	5.48355	70.7979	7.91332	2.63777	240.319	13.6479	8.82252	-0.164822	-8.81555	-0.309387	0	0	0	1.07112	0.0453236	0.0453236	0.0453236	1.97999e+06
114	3625.37	4569.55	895.104	7.57619	8.00967	0	46.2837	91.4195	5.23407	70.7422	7.91955	2.63985	253.968	13.6371	8.83211	-0.0592008	-8.81513	-0.544135	0	0	0	0.384782	0.0578245	0.0578245	0.0578245	2.30432e+06
114.3	3748.97	4729.25	918.183	7.56992	7.94186	0	47.8617	93.7767	5.417	70.6837	7.92611	2.64204	267.611	13.6258	8.90013	0.0370959	-8.88219	-0.563674	0	0	0	-0.239291	0.0271239	0.0271239	0.0271239	1.00103e+06
114.6	3997.68	5044	937.043	7.5684	7.85051	0	51.0368	95.7029	5.77752	70.6695	7.9277	2.64257	281.242	13.6231	9.0019	0.126859	-8.98386	-0.55521	0	0	0	-0.809006	0.0222593	0.0222593	0.0222593	1.9851e+06
114.9	4078.4	5144.85	940.114	7.56987	7.87064	0	52.0673	96.0165	5.89303	70.6833	7.92615	2.64205	294.867	13.6258	8.98063	0.0739667	-8.96813	-0.467712	0	0	0	-0.472549	0.0162376	0.0162376	0.0162376	116343
115.2	4387.76	5530.5	964.766	7.57617	7.94167	0	56.0168	98.5343	6.33477	70.742	7.91957	2.63986	308.491	13.6371	8.9077	-0.0175464	-8.88809	-0.590577	0	0	0	0.11311	-0.0332284	-0.0332284	-0.0332284	-1.8552e+06
115.5	4323.56	5443.05	961.021	7.58526	7.79284	0	55.1972	98.1518	6.2346	70.827	7.91007	2.63669	322.122	13.6535	9.08872	0.177913	-9.06725	-0.598556	0	0	0	-1.12409	-0.0174217	-0.0174217	-0.0174217	-1.16261e+06
115.8	4204.2	5288.52	943.183	7.59137	7.88532	0	53.6734	96.33	6.0576	70.884	7.90371	2.63457	335.768	13.6645	8.98937	0.339131	-8.94358	-0.840246	0	0	0	-2.17155	0.0114529	0.0114529	0.0114529	-848204
116.1	4094.8	5148.28	938.635	7.59524	8.05151	0	52.2767	95.8655	5.89697	70.9201	7.89969	2.63323	349.427	13.6714	8.8083	0.551556	-8.77073	-0.596862	0	0	0	-3.59836	0.0103266	0.0103266	0.0103266	256740
116.4	3851.68	4842.8	923.266	7.59496	8.04236	0	49.1729	94.2958	5.54706	70.9175	7.89998	2.63333	3.09466	13.6709	8.81799	0.876495	-8.75509	-0.580718	0	0	0	-5.71698	0.0469477	0.0469477	0.0469477	1.93437e+06
116.7	4011.7	5045	945.98	7.59345	8.09856	0	51.2158	96.6157	5.77866	70.9034	7.90155	2.63385	16.7658	13.6682	8.75506	0.948104	-8.68925	-0.499062	0	0	0	-6.22704	0.0503913	0.0503913	0.0503913	2.20123e+06
117	3797.39	4776.67	931.577	7.59155	8.1086	0	48.4797	95.1446	5.47131	70.8857	7.90352	2.63451	30.4354	13.6648	8.74203	0.935854	-8.67847	-0.481062	0	0	0	-6.15478	0.0208809	0.0208809	0.0208809	1.31978e+06
117.3	3801.16	4784.05	923.819	7.58738	8.21752	0	48.5279	94.3522	5.47977	70.8467	7.90787	2.63596	44.1019	13.6573	8.62142	0.911444	-8.56468	-0.379955	0	0	0	-6.07449	0.0139502	0.0139502	0.0139502	502206
117.6	4122.09	5188.3	941.797	7.58689	8.39122	0	52.6251	96.1884	5.94281	70.8421	7.90838	2.63613	57.7629	13.6564	8.44241	0.965077	-8.38558	-0.157726	0	0	0	-6.56515	-0.00441589	-0.00441589	-0.00441589	-525537
117.9	4442.46	5586.49	970.135	7.59375	8.40068	0	56.7152	99.0826	6.3989	70.9062	7.90124	2.63375	71.4198	13.6687	8.44053	0.951372	-8.38668	-0.0335266	0	0	0	-6.47188	-0.0215097	-0.0215097	-0.0215097	-1.35968e+06
118.2	4174.67	5244.89	952.392	7.60076	8.50888	0	53.2964	97.2705	6.00762	70.9716	7.89395	2.63132	85.0824	13.6814	8.34089	0.909362	-8.29097	0.0576681	0	0	0	-6.25924	-0.00606074	-0.00606074	-0.00606074	-786021
118.5	4292.08	5388.74	963.868	7.60594	8.62479	0	54.7954	98.4426	6.17239	71.02	7.88857	2.62952	98.7574	13.6907	8.23441	0.78141	-8.19639	-0.118723	0	0	0	-5.44589	0.00712453	0.00712453	0.00712453	-568398
118.8	4488.52	5628.95	978.661	7.61461	8.70622	0	57.3032	99.9534	6.44753	71.101	7.87959	2.62653	112.443	13.7063	8.16668	0.701926	-8.13595	-0.0906468	0	0	0	-4.93096	0.00453985	0.00453985	0.00453985	-475254
119.1	4359.18	5460.18	975.625	7.62376	8.67312	0	55.6519	99.6433	6.25422	71.1864	7.87013	2.62338	126.142	13.7228	8.2077	0.715431	-8.17326	-0.229007	0	0	0	-5.00253	0.0278439	0.0278439	0.0278439	1.47576e+06
119.4	3755.38	4703.82	925.857	7.62385	8.751	0	47.9435	94.5604	5.38787	71.1873	7.87004	2.62335	139.856	13.7229	8.13476	0.700649	-8.09457	-0.401631	0	0	0	-4.94707	0.0322845	0.0322845	0.0322845	1.0847e+06
119.7	3642.59	4566.91	909.494	7.61657	8.83594	0	46.5036	92.8893	5.23105	71.1193	7.87756	2.62585	153.579	13.7098	8.04887	0.54885	-8.01163	-0.544752	0	0	0	-3.91902	0.00405176	0.00405176	0.00405176	473069
120	3977.37	4989.58	933.102	7.61207	8.75026	0	50.7775	95.3004	5.71519	71.0773	7.88222	2.62741	167.296	13.7017	8.12288	0.711719	-8.07684	-0.489112	0	0	0	-5.03581	0.00721427	0.00721427	0.00721427	360058
120.3	4404.94	5523.28	964.945	7.61578	8.66505	0	56.2361	98.5526	6.32649	71.1119	7.87838	2.62613	181.001	13.7084	8.20675	0.677999	-8.16815	-0.415112	0	0	0	-4.74497	0.0075785	0.0075785	0.0075785	211440
120.6	4137.32	5184.09	943.238	7.6211	8.50126	0	52.8195	96.3356	5.93798	71.1616	7.87288	2.62429	194.707	13.718	8.3707	0.661886	-8.33727	-0.347199	0	0	0	-4.53913	0.00036093	0.00036093	0.00036093	-264516
120.9	4054.93	5079.91	943.726	7.62252	8.48837	0	51.7677	96.3855	5.81865	71.1748	7.87141	2.6238	208.42	13.7205	8.38498	0.4895	-8.36387	-0.337694	0	0	0	-3.34945	0.0178102	0.0178102	0.0178102	361597
