# Sensor: Rotor
# Record count: 405
# Storage mode: Memory
# Datetime of save: 2026-04-08T11:29:56
# Statistical parameters for each field (time series) are placed above the column of the respective time series.

# Results earlier than the 'Statistics start time' (see below) are not included when calculating the statistic variables.
# Statistics start time: 0 s

# Column
1	2	3	4	5	6	7	8	9	10	11	12	13	14	15	16	17	18	19	20	21	22	23	24	25	26	27	
Time [s]	Power (aero) [k W]	Torque (aero) [k Nm]	Thrust (aero) [k N]	RPM [rpm]	TSR []	Representative demanded pitch angle [°]	Power coef. (CP) [%]	Thrust coef. (CT) [%]	Torque coef. (CQ) [%]	Tip speed [m/s]	1P (one revolution) [s]	nP (blade passing) [s]	Azimuth angle [°]	Rotation per timestep [°]	Wind speed at hub, magnitude [m/s]	Wind speed at hub.x [m/s]	Wind speed at hub.y [m/s]	Wind speed at hub.z [m/s]	Turbulence at hub (local).x [m/s]	Turbulence at hub (local).y [m/s]	Turbulence at hub (local).z [m/s]	Wind angle at hub [°]	Yaw angle relative to forward [°]	Yaw angle to reference direction [°]	Yaw error [°]	Torque about yaw axis [Nm]
----------	----------	----------	----------	----------	----------	----------	----------	----------	----------	----------	----------	----------	----------	----------	----------	----------	----------	----------	----------	----------	----------	----------	----------	----------	----------	----------
Min	0 [0s]	0 [0s]	158.013 [24.3s]	4.77465 [0s]	2.9722 [0s]	0 [0s]	0 [0s]	4.59045 [24.3s]	0 [0s]	44.583 [0s]	5.36818 [22.2s]	1.78939 [22.2s]	0 [0s]	8.59437 [0s]	15 [0s]	0 [0s]	-15 [0s]	0 [0s]	0 [0s]	0 [0s]	0 [0s]	0 [0s]	-0.00132548 [20.7s]	-0.00132548 [20.7s]	-0.00132548 [20.7s]	-72503.9 [24.3s]
Max	27253 [20.4s]	24862.8 [18.9s]	2597.75 [20.4s]	11.177 [22.2s]	6.95762 [22.2s]	12.9353 [24.6s]	52.7819 [20.4s]	75.4675 [20.4s]	8.10055 [18.9s]	104.364 [22.2s]	12.5664 [0s]	4.18879 [0s]	359.513 [117.3s]	20.1185 [22.2s]	15 [0s]	0 [0s]	-15 [0s]	0 [0s]	0 [0s]	0 [0s]	0 [0s]	0 [0s]	0.00161088 [22.8s]	0.00161088 [22.8s]	0.00161088 [22.8s]	169190 [21.9s]
Mean	10579.4	11094.9	959.013	9.24656	5.75595	8.60794	20.4895	27.8604	3.61484	86.3392	6.81365	2.27122	176.442	16.6438	15	0	-15	0	0	0	0	0	0.000408725	0.000408725	0.000408725	80768.8
Standard deviation	3379.74	3476.32	286.213	1.59746	0.994411	3.97557	6.54568	8.3148	1.13262	14.9162	1.90047	0.63349	104.013	2.87542	0	0	0	0	0	0	0	0	0.0003169	0.0003169	0.0003169	40644.5
----------	----------	----------	----------	----------	----------	----------	----------	----------	----------	----------	----------	----------	----------	----------	----------	----------	----------	----------	----------	----------	----------	----------	----------	----------	----------	----------
0	0	0	863.811	4.77465	2.9722	0	0	25.0947	0	44.583	12.5664	4.18879	0	8.59437	15	0	-15	0	0	0	0	0	0	0	0	0
0.3	5646.29	11292.6	675.075	4.77465	2.9722	0	10.9354	19.6117	3.67923	44.583	12.5664	4.18879	0	8.59437	15	0	-15	0	0	0	0	0	0	0	0	-1.86265e-09
0.6	5645.42	11290.8	675.095	4.77466	2.97221	0	10.9337	19.6123	3.67866	44.5831	12.5663	4.18878	8.59437	8.59438	15	0	-15	0	0	0	0	0	0	0	0	-0.431461
0.9	5645.34	11290.6	675.087	4.77469	2.97223	0	10.9336	19.612	3.67858	44.5834	12.5663	4.18875	17.1887	8.59444	15	0	-15	0	0	0	0	0	0	0	0	-2.52799
1.2	5645.43	11290.6	675.088	4.77478	2.97228	0	10.9337	19.6121	3.67857	44.5842	12.566	4.18868	25.7832	8.5946	15	0	-15	0	0	0	0	0	0	0	0	-3.90563
1.5	5645.75	11290.8	675.103	4.77495	2.97239	0	10.9344	19.6125	3.67864	44.5858	12.5656	4.18852	34.3777	8.59491	15	0	-15	0	0	0	0	0	0	0	0	-2.23425
1.8	5646.41	11291.4	675.138	4.77526	2.97258	0	10.9356	19.6135	3.67883	44.5888	12.5647	4.18825	42.9724	8.59548	15	0	-15	0	0	0	0	0	0	0	0	4.25377
2.1	5647.58	11292.5	675.205	4.77577	2.9729	0	10.9379	19.6155	3.67921	44.5935	12.5634	4.18781	51.5676	8.59638	15	0	-15	0	0	0	0	0	0	0	0	16.7598
2.4	5649.44	11294.4	675.317	4.77653	2.97337	0	10.9415	19.6187	3.67984	44.6005	12.5614	4.18714	60.1636	8.59775	15	0	-15	0	0	0	0	0	8.53774e-07	8.53774e-07	8.53774e-07	34.3052
2.7	5652.22	11297.4	675.488	4.77761	2.97405	0	10.9469	19.6237	3.68081	44.6107	12.5586	4.18619	68.7606	8.5997	15	0	-15	0	0	0	0	0	8.53774e-07	8.53774e-07	8.53774e-07	54.6951
3	5656.16	11301.8	675.738	4.7791	2.97497	0	10.9545	19.6309	3.68223	44.6246	12.5547	4.18489	77.3594	8.60238	15	0	-15	0	0	0	0	0	1.47878e-06	1.47878e-06	1.47878e-06	73.8637
3.3	5661.54	11307.9	676.085	4.78108	2.9762	0	10.9649	19.641	3.68421	44.643	12.5495	4.18316	85.9604	8.60594	15	0	-15	0	0	0	0	0	1.9091e-06	1.9091e-06	1.9091e-06	87.2953
3.6	5668.65	11316	676.551	4.78363	2.97779	0	10.9787	19.6546	3.68686	44.6668	12.5428	4.18093	94.5646	8.61053	15	0	-15	0	0	0	0	0	2.41484e-06	2.41484e-06	2.41484e-06	90.0751
3.9	5677.81	11326.7	677.159	4.78685	2.9798	0	10.9965	19.6722	3.69034	44.697	12.5343	4.17811	103.173	8.61633	15	0	-15	0	0	0	0	0	3.07832e-06	3.07832e-06	3.07832e-06	78.2717
4.2	5689.37	11340.3	677.933	4.79085	2.98229	0	11.0188	19.6947	3.69476	44.7343	12.5239	4.17462	111.786	8.62353	15	0	-15	0	0	0	0	0	3.81819e-06	3.81819e-06	3.81819e-06	49.2171
4.5	5703.67	11357.2	678.899	4.79573	2.98532	0	11.0465	19.7228	3.70028	44.7798	12.5111	4.17038	120.406	8.63231	15	0	-15	0	0	0	0	0	4.67631e-06	4.67631e-06	4.67631e-06	1.92093
4.8	5721.1	11378	680.084	4.80159	2.98897	0	11.0803	19.7572	3.70706	44.8346	12.4959	4.16529	129.034	8.64286	15	0	-15	0	0	0	0	0	5.59857e-06	5.59857e-06	5.59857e-06	-62.8021
5.1	5742.09	11403.2	681.518	4.80856	2.99331	0	11.1209	19.7989	3.71527	44.8996	12.4778	4.15925	137.672	8.6554	15	0	-15	0	0	0	0	0	6.55796e-06	6.55796e-06	6.55796e-06	-146.697
5.4	5767.06	11433.3	683.231	4.81675	2.99841	0	11.1693	19.8486	3.72508	44.9761	12.4565	4.15218	146.321	8.67015	15	0	-15	0	0	0	0	0	7.58851e-06	7.58851e-06	7.58851e-06	-240.773
5.7	5796.43	11468.8	685.255	4.82629	3.00435	0	11.2262	19.9074	3.73665	45.0652	12.4319	4.14397	154.984	8.68732	15	0	-15	0	0	0	0	0	8.79014e-06	8.79014e-06	8.79014e-06	-344.898
6	5830.67	11510.3	687.622	4.8373	3.0112	0	11.2925	19.9762	3.75017	45.168	12.4036	4.13454	163.662	8.70714	15	0	-15	0	0	0	0	0	1.00296e-05	1.00296e-05	1.00296e-05	-458.098
6.3	5870.37	11558.5	690.372	4.84992	3.01906	0	11.3694	20.0561	3.76587	45.2859	12.3713	4.12378	172.36	8.72986	15	0	-15	0	0	0	0	0	1.12944e-05	1.12944e-05	1.12944e-05	-587.226
6.6	5915.64	11613.2	693.571	4.86429	3.028	0	11.4571	20.149	3.7837	45.4201	12.3348	4.11159	181.078	8.75573	15	0	-15	0	0	0	0	0	1.26347e-05	1.26347e-05	1.26347e-05	-778.564
6.9	5967.55	11676.1	697.263	4.88056	3.03813	0	11.5576	20.2563	3.80418	45.5719	12.2937	4.09789	189.821	8.785	15	0	-15	0	0	0	0	0	1.40549e-05	1.40549e-05	1.40549e-05	-939.251
7.2	6026.69	11747.8	701.475	4.89886	3.04952	0	11.6721	20.3786	3.82753	45.7429	12.2477	4.08258	198.591	8.81795	15	0	-15	0	0	0	0	0	1.55799e-05	1.55799e-05	1.55799e-05	-1105.64
7.5	6093.63	11828.7	706.243	4.91937	3.06229	0	11.8018	20.5171	3.85391	45.9343	12.1967	4.06556	207.393	8.85486	15	0	-15	0	0	0	0	0	1.71394e-05	1.71394e-05	1.71394e-05	-1288
7.8	6169.13	11919.9	711.623	4.94224	3.07652	0	11.948	20.6734	3.88361	46.1479	12.1402	4.04675	216.229	8.89603	15	0	-15	0	0	0	0	0	1.87052e-05	1.87052e-05	1.87052e-05	-1512.24
8.1	6254.19	12022.4	717.691	4.96765	3.09234	0	12.1128	20.8497	3.91702	46.3851	12.0782	4.02605	225.105	8.94176	15	0	-15	0	0	0	0	0	2.024e-05	2.024e-05	2.024e-05	-1767.95
8.4	6349.45	12136.8	724.492	4.99577	3.10985	0	12.2972	21.0473	3.95429	46.6478	12.0101	4.00338	234.023	8.99239	15	0	-15	0	0	0	0	0	2.17503e-05	2.17503e-05	2.17503e-05	-2063.31
8.7	6456.49	12265.2	732.081	5.02682	3.12917	0	12.5045	21.2678	3.99612	46.9376	11.936	3.97866	242.991	9.04827	15	0	-15	0	0	0	0	0	2.34283e-05	2.34283e-05	2.34283e-05	-2268.63
9	6576.61	12409.1	740.49	5.06098	3.15044	0	12.7372	21.5121	4.04299	47.2566	11.8554	3.9518	252.011	9.10976	15	0	-15	0	0	0	0	0	2.50521e-05	2.50521e-05	2.50521e-05	-2603.17
9.3	6710.65	12568.8	749.875	5.09849	3.17379	0	12.9968	21.7847	4.09504	47.6068	11.7682	3.92273	261.09	9.17728	15	0	-15	0	0	0	0	0	2.63566e-05	2.63566e-05	2.63566e-05	-2981.44
9.6	6859.55	12745	760.28	5.13957	3.19936	0	13.2852	22.087	4.15244	47.9905	11.6741	3.89137	270.233	9.25123	15	0	-15	0	0	0	0	0	2.78885e-05	2.78885e-05	2.78885e-05	-3307.72
9.9	7025.03	12939.4	771.825	5.18449	3.22732	0	13.6057	22.4224	4.21578	48.4098	11.573	3.85766	279.448	9.33207	15	0	-15	0	0	0	0	0	2.93157e-05	2.93157e-05	2.93157e-05	-3723.64
10.2	7208.19	13152.4	784.7	5.2335	3.25783	0	13.9604	22.7964	4.28518	48.8675	11.4646	3.82154	288.739	9.42029	15	0	-15	0	0	0	0	0	2.97108e-05	2.97108e-05	2.97108e-05	-4420.3
10.5	7411.75	13387.3	799.14	5.2869	3.29107	0	14.3546	23.2159	4.36169	49.3661	11.3488	3.78294	298.115	9.51641	15	0	-15	0	0	0	0	0	3.02578e-05	3.02578e-05	3.02578e-05	-4946.1
10.8	7638.71	13647.2	815.2	5.34501	3.32725	0	14.7942	23.6825	4.44638	49.9087	11.2254	3.74181	307.584	9.62101	15	0	-15	0	0	0	0	0	3.12532e-05	3.12532e-05	3.12532e-05	-5523.99
11.1	7891.06	13933.4	833.032	5.40818	3.36657	0	15.2829	24.2005	4.53962	50.4985	11.0943	3.6981	317.153	9.73472	15	0	-15	0	0	0	0	0	3.13464e-05	3.13464e-05	3.13464e-05	-6192.3
11.4	8169.25	14243.9	853.006	5.47678	3.40927	0	15.8217	24.7808	4.64079	51.1391	10.9553	3.65178	326.83	9.8582	15	0	-15	0	0	0	0	0	3.06527e-05	3.06527e-05	3.06527e-05	-7088.39
11.7	8477.04	14582.4	875.171	5.55121	3.45561	0	16.4178	25.4247	4.75108	51.8341	10.8085	3.60282	336.627	9.99218	15	0	-15	0	0	0	0	0	3.06765e-05	3.06765e-05	3.06765e-05	-7690.47
12	8819.05	14953.3	899.743	5.63191	3.50584	0	17.0802	26.1386	4.87193	52.5876	10.6536	3.55119	346.552	10.1374	15	0	-15	0	0	0	0	0	3.15781e-05	3.15781e-05	3.15781e-05	-8259.06
12.3	9203.5	15366.5	926.79	5.71939	3.5603	0	17.8248	26.9243	5.00654	53.4045	10.4906	3.49687	356.617	10.2949	15	0	-15	0	0	0	0	0	3.24771e-05	3.24771e-05	3.24771e-05	-8773.11
12.6	9628.72	15814.3	956.668	5.81421	3.61932	0	18.6483	27.7923	5.15244	54.2898	10.3196	3.43985	6.83305	10.4656	15	0	-15	0	0	0	0	0	3.38616e-05	3.38616e-05	3.38616e-05	-9280.93
12.9	10096.2	16295.7	989.692	5.91638	3.68292	0	19.5537	28.7517	5.30928	55.2439	10.1413	3.38045	17.2133	10.6495	15	0	-15	0	0	0	0	0	4.11586e-05	4.11586e-05	4.11586e-05	-10183.8
13.2	10602.6	16802.9	1026.23	6.02559	3.75091	0	20.5345	29.8132	5.47455	56.2636	9.95752	3.31917	27.7708	10.8461	15	0	-15	0	0	0	0	0	5.0264e-05	5.0264e-05	5.0264e-05	-10624.3
13.5	11152.9	17340.3	1065.97	6.1419	3.82331	0	21.6003	30.9675	5.64963	57.3496	9.76897	3.25632	38.5186	11.0554	15	0	-15	0	0	0	0	0	5.83509e-05	5.83509e-05	5.83509e-05	-10583.8
13.8	11752	17911	1108.77	6.2656	3.90031	0	22.7606	32.2111	5.83559	58.5046	9.5761	3.19203	49.4693	11.2781	15	0	-15	0	0	0	0	0	6.22494e-05	6.22494e-05	6.22494e-05	-10882.2
14.1	12396.4	18505.1	1155.04	6.39698	3.9821	0	24.0086	33.5552	6.02913	59.7314	9.37942	3.12647	60.6361	11.5146	15	0	-15	0	0	0	0	0	5.42129e-05	5.42129e-05	5.42129e-05	-10349.2
14.4	13076.1	19103.9	1205.14	6.53622	4.06877	0	25.325	35.0107	6.22424	61.0315	9.17962	3.05987	72.0324	11.7652	15	0	-15	0	0	0	0	0	3.34936e-05	3.34936e-05	3.34936e-05	-11249.8
14.7	13790	19703.4	1259.05	6.68335	4.16036	0	26.7076	36.5769	6.41954	62.4054	8.97753	2.99251	83.6723	12.03	15	0	-15	0	0	0	0	0	9.697e-06	9.697e-06	9.697e-06	-10299.8
15	14546	20312.3	1315.84	6.83845	4.25691	0	28.1719	38.2267	6.61793	63.8536	8.77392	2.92464	95.5699	12.3092	15	0	-15	0	0	0	0	0	-7.73125e-06	-7.73125e-06	-7.73125e-06	-8457.35
15.3	15330.8	20909.7	1376.02	7.00146	4.35838	0	29.6919	39.9749	6.81259	65.3757	8.56964	2.85655	107.74	12.6026	15	0	-15	0	0	0	0	0	-3.59194e-05	-3.59194e-05	-3.59194e-05	-7636.97
15.6	16136.1	21484.3	1439.77	7.17217	4.46465	0	31.2515	41.8268	6.99977	66.9697	8.36567	2.78856	120.195	12.9099	15	0	-15	0	0	0	0	0	-7.40523e-05	-7.40523e-05	-7.40523e-05	-6912.94
15.9	16961.9	22036.6	1506.7	7.35024	4.5755	0	32.8509	43.7713	7.17974	68.6325	8.16299	2.721	132.952	13.2304	15	0	-15	0	0	0	0	0	-0.000100709	-0.000100709	-0.000100709	-5107.63
16.2	17809.1	22569	1576.68	7.53534	4.69072	0	34.4917	45.8043	7.35318	70.3608	7.96248	2.65416	146.022	13.5636	15	0	-15	0	0	0	0	0	-0.0001146	-0.0001146	-0.0001146	-1513.56
16.5	18649.3	23047.8	1648.37	7.72688	4.80996	0	36.1188	47.8871	7.50918	72.1493	7.7651	2.58837	159.419	13.9084	15	0	-15	0	0	0	0	0	-0.00011752	-0.00011752	-0.00011752	3779.16
16.8	19465.3	23454.9	1720.76	7.925	4.93328	0	37.6992	49.9899	7.64181	73.9992	7.57098	2.52366	173.155	14.265	15	0	-15	0	0	0	0	0	-0.000116976	-0.000116976	-0.000116976	10926.2
17.1	20254	23789.5	1793.14	8.1301	5.06096	0	39.2267	52.0928	7.75085	75.9144	7.37998	2.45999	187.242	14.6342	15	0	-15	0	0	0	0	0	-0.000124528	-0.000124528	-0.000124528	16435.5
17.4	21030.9	24075.1	1866.73	8.3418	5.19274	0	40.7314	54.2307	7.84391	77.8911	7.19269	2.39756	201.691	15.0152	15	0	-15	0	0	0	0	0	-0.000154941	-0.000154941	-0.000154941	20639.5
17.7	21811.3	24333.7	1942.31	8.55944	5.32822	0	42.2428	56.4263	7.92814	79.9233	7.00981	2.3366	216.516	15.407	15	0	-15	0	0	0	0	0	-0.000209281	-0.000209281	-0.000209281	22738.5
18	22589.6	24562.2	2019.64	8.7824	5.46701	0	43.7502	58.6729	8.00258	82.0052	6.83184	2.27728	231.727	15.8083	15	0	-15	0	0	0	0	0	-0.000251192	-0.000251192	-0.000251192	25970.5
18.3	23342.3	24739.8	2097.43	9.00988	5.60861	0	45.208	60.9326	8.06045	84.1292	6.65936	2.21979	247.335	16.2178	15	0	-15	0	0	0	0	0	-0.00021708	-0.00021708	-0.00021708	38376.5
18.6	24021.1	24823.6	2172.15	9.24058	5.75222	0	46.5227	63.1033	8.08777	86.2834	6.4931	2.16437	263.348	16.633	15	0	-15	0	0	0	0	0	-0.000190215	-0.000190215	-0.000190215	46404.9
18.9	24664.8	24862.8	2246.07	9.47322	5.89704	0	47.7693	65.2509	8.10055	88.4556	6.33365	2.11122	279.773	17.0518	15	0	-15	0	0	0	0	0	-0.000266942	-0.000266942	-0.000266942	50698.4
19.2	25271.9	24861.9	2319.34	9.70678	6.04243	0	48.9451	67.3794	8.10023	90.6365	6.18125	2.06042	296.616	17.4722	15	0	-15	0	0	0	0	0	-0.000367381	-0.000367381	-0.000367381	53445.6
19.5	25845.8	24829.2	2391.89	9.9403	6.1878	0	50.0567	69.487	8.08959	92.8169	6.03604	2.01201	313.878	17.8925	15	0	-15	0	0	0	0	0	-0.000480138	-0.000480138	-0.000480138	57326.2
19.8	26376.8	24764.5	2463.3	10.171	6.33142	0	51.0851	71.5618	8.06851	94.9713	5.89912	1.96637	331.56	18.3078	15	0	-15	0	0	0	0	0	-0.000668132	-0.000668132	-0.000668132	57363.9
20.1	26859.4	24678.6	2533.14	10.3931	6.46969	0	52.0197	73.5906	8.04052	97.0453	5.77304	1.92435	349.66	18.7076	15	0	-15	0	0	0	0	0	-0.000918997	-0.000918997	-0.000918997	61027.2
20.4	27253	24542	2597.75	10.6041	6.60102	0	52.7819	75.4675	7.99602	99.0154	5.65818	1.88606	8.16784	19.0874	15	0	-15	0	0	0	0	0	-0.00121579	-0.00121579	-0.00121579	67110.2
20.7	24426.8	21615.4	2339.43	10.7914	6.71758	1.73651	47.3085	67.963	7.04249	100.764	5.56001	1.85334	27.0654	19.4244	15	0	-15	0	0	0	0	0	-0.00132548	-0.00132548	-0.00132548	90462.3
21	20866	18216.7	2000.36	10.9381	6.80892	3.71908	40.4121	58.1126	5.93517	102.134	5.48542	1.82847	46.3213	19.6886	15	0	-15	0	0	0	0	0	-0.00108633	-0.00108633	-0.00108633	121139
21.3	17962	15530	1714.98	11.0447	6.87527	5.33259	34.7877	49.8221	5.05982	103.129	5.43248	1.81083	65.8778	19.8804	15	0	-15	0	0	0	0	0	-0.000867187	-0.000867187	-0.000867187	145068
21.6	15407	13233.7	1460.03	11.1175	6.9206	6.75106	29.8394	42.4155	4.31168	103.809	5.39689	1.79896	85.6623	20.0115	15	0	-15	0	0	0	0	0	-0.000482665	-0.000482665	-0.000482665	162885
21.9	13197.1	11291.6	1242.12	11.1608	6.94753	7.96718	25.5595	36.0851	3.67892	104.213	5.37597	1.79199	105.608	20.0894	15	0	-15	0	0	0	0	0	0.000202837	0.000202837	0.000202837	169190
22.2	11098.2	9482.01	1045.91	11.177	6.95762	9.02362	21.4944	30.3849	3.08933	104.364	5.36818	1.78939	125.659	20.1185	15	0	-15	0	0	0	0	0	0.000717458	0.000717458	0.000717458	158331
22.5	9024.18	7717.3	863.907	11.1664	6.95105	9.93701	17.4775	25.0975	2.51437	104.266	5.37325	1.79108	145.763	20.0996	15	0	-15	0	0	0	0	0	0.00122007	0.00122007	0.00122007	135431
22.8	6907.26	5927.22	688.945	11.1282	6.92728	10.7243	13.3776	20.0146	1.93114	103.909	5.39169	1.79723	165.872	20.0308	15	0	-15	0	0	0	0	0	0.00161088	0.00161088	0.00161088	100611
23.1	4860.2	4195.7	524.777	11.0617	6.88585	11.3917	9.41295	15.2454	1.367	103.288	5.42413	1.80804	185.937	19.911	15	0	-15	0	0	0	0	0	0.00156327	0.00156327	0.00156327	55633.4
23.4	3042.9	2649.35	379.661	10.9678	6.8274	11.9408	5.8933	11.0296	0.863184	102.411	5.47057	1.82352	205.908	19.742	15	0	-15	0	0	0	0	0	0.0013499	0.0013499	0.0013499	10042.8
23.7	1610.75	1417.68	263.67	10.8498	6.75397	12.3695	3.11962	7.6599	0.461894	101.309	5.53005	1.84335	225.734	19.5297	15	0	-15	0	0	0	0	0	0.000936527	0.000936527	0.000936527	-31042.2
24	680.687	606.738	186.334	10.7132	6.6689	12.6765	1.31831	5.41321	0.197681	100.034	5.60059	1.86686	245.37	19.2837	15	0	-15	0	0	0	0	0	0.000286635	0.000286635	0.000286635	-65849.7
24.3	375.435	339.329	158.013	10.5654	6.57692	12.8633	0.727121	4.59045	0.110556	98.6538	5.67892	1.89297	264.777	19.0177	15	0	-15	0	0	0	0	0	-0.000154481	-0.000154481	-0.000154481	-72503.9
24.6	664.631	609.372	177.418	10.4152	6.48345	12.9353	1.28722	5.15418	0.198539	97.2517	5.76079	1.92026	283.927	18.7474	15	0	-15	0	0	0	0	0	-0.000268842	-0.000268842	-0.000268842	-48701.2
24.9	1385.63	1288.33	231.716	10.2705	6.39334	12.9037	2.68361	6.73161	0.419751	95.9001	5.84198	1.94733	302.81	18.4869	15	0	-15	0	0	0	0	0	-0.000338449	-0.000338449	-0.000338449	-21152.9
25.2	2437.08	2295.7	311.799	10.1374	6.31047	12.7852	4.71999	9.05812	0.747961	94.657	5.9187	1.9729	321.427	18.2473	15	0	-15	0	0	0	0	0	-0.000357945	-0.000357945	-0.000357945	11555.6
25.5	3701.01	3526.92	407.274	10.0207	6.23782	12.5985	7.1679	11.8318	1.1491	93.5673	5.98763	1.99588	339.794	18.0372	15	0	-15	0	0	0	0	0	-0.000226991	-0.000226991	-0.000226991	42907
25.8	5055.1	4864.52	507.749	9.92342	6.17729	12.3639	9.79043	14.7507	1.58491	92.6593	6.0463	2.01543	357.936	17.8621	15	0	-15	0	0	0	0	0	-8.19578e-05	-8.19578e-05	-8.19578e-05	66704.6
26.1	6373.69	6181.21	603.942	9.84665	6.1295	12.1015	12.3442	17.5452	2.0139	91.9425	6.09344	2.03115	15.8859	17.724	15	0	-15	0	0	0	0	0	5.91265e-05	5.91265e-05	5.91265e-05	79475.6
26.4	7542.04	7357.14	688.52	9.7893	6.0938	11.8303	14.607	20.0023	2.39702	91.407	6.12914	2.04305	33.679	17.6207	15	0	-15	0	0	0	0	0	0.000184944	0.000184944	0.000184944	80515
26.7	8473.54	8300.39	756.702	9.74849	6.0684	11.5666	16.4111	21.9831	2.70435	91.026	6.1548	2.0516	51.3513	17.5473	15	0	-15	0	0	0	0	0	0.000241919	0.000241919	0.000241919	73027.5
27	9154.42	8993.28	807.986	9.7204	6.05091	11.3221	17.7298	23.4729	2.93009	90.7637	6.17258	2.05753	68.9354	17.4967	15	0	-15	0	0	0	0	0	0.000282089	0.000282089	0.000282089	61922.8
27.3	9606.36	9455.96	844.14	9.70118	6.03895	11.1029	18.605	24.5232	3.08084	90.5842	6.18482	2.06161	86.4574	17.4621	15	0	-15	0	0	0	0	0	0.000298225	0.000298225	0.000298225	51909.6
27.6	9886.48	9745.34	868.949	9.6876	6.03049	10.9102	19.1476	25.244	3.17512	90.4574	6.19349	2.0645	103.937	17.4377	15	0	-15	0	0	0	0	0	0.000296889	0.000296889	0.000296889	46881.4
27.9	10068.7	9935.33	887.064	9.67752	6.02422	10.7411	19.5006	25.7702	3.23702	90.3633	6.19993	2.06664	121.387	17.4195	15	0	-15	0	0	0	0	0	0.00030111	0.00030111	0.00030111	48261.6
28.2	10225.2	10097.6	902.979	9.67005	6.01957	10.5908	19.8037	26.2326	3.28988	90.2935	6.20473	2.06824	138.815	17.4061	15	0	-15	0	0	0	0	0	0.000287179	0.000287179	0.000287179	56049.2
28.5	10411.1	10286.1	920.144	9.6653	6.01661	10.4546	20.1636	26.7312	3.35132	90.2492	6.20777	2.06926	156.228	17.3975	15	0	-15	0	0	0	0	0	0.000276778	0.000276778	0.000276778	69006.2
28.8	10655	10528.4	940.341	9.66411	6.01587	10.3291	20.636	27.318	3.43026	90.238	6.20854	2.06951	173.63	17.3954	15	0	-15	0	0	0	0	0	0.000276532	0.000276532	0.000276532	84887.3
29.1	10957.2	10823.3	963.528	9.66748	6.01797	10.2133	21.2213	27.9916	3.52633	90.2695	6.20638	2.06879	191.026	17.4015	15	0	-15	0	0	0	0	0	0.000285266	0.000285266	0.000285266	101046
29.4	11293.4	11145.3	988.103	9.67619	6.02339	10.1087	21.8723	28.7055	3.63124	90.3508	6.20079	2.06693	208.425	17.4171	15	0	-15	0	0	0	0	0	0.000322357	0.000322357	0.000322357	115023
29.7	11622.7	11453.4	1011.47	9.69041	6.03224	10.0186	22.5101	29.3844	3.73164	90.4837	6.19169	2.0639	225.834	17.4427	15	0	-15	0	0	0	0	0	0.00038047	0.00038047	0.00038047	124832
30	11898.8	11702.3	1030.8	9.70959	6.04418	9.94706	23.0448	29.9459	3.81273	90.6627	6.17946	2.05982	243.264	17.4773	15	0	-15	0	0	0	0	0	0.000458803	0.000458803	0.000458803	129636
30.3	12081.6	11854.3	1043.69	9.73241	6.05839	9.89768	23.3989	30.3203	3.86223	90.8758	6.16497	2.05499	260.724	17.5183	15	0	-15	0	0	0	0	0	0.000554463	0.000554463	0.000554463	129671
30.6	12147.1	11888.4	1048.72	9.75708	6.07374	9.87253	23.5258	30.4664	3.87336	91.1062	6.14938	2.04979	278.222	17.5627	15	0	-15	0	0	0	0	0	0.000649061	0.000649061	0.000649061	126054
30.9	12092.7	11805.6	1045.76	9.78159	6.089	9.87135	23.4205	30.3805	3.84636	91.3351	6.13397	2.04466	295.762	17.6069	15	0	-15	0	0	0	0	0	0.000732818	0.000732818	0.000732818	120288
31.2	11937.1	11626.8	1035.97	9.80414	6.10304	9.89145	23.119	30.0961	3.78812	91.5456	6.11986	2.03995	313.347	17.6475	15	0	-15	0	0	0	0	0	0.000790081	0.000790081	0.000790081	113926
31.5	11714.5	11387.7	1021.49	9.82338	6.11501	9.92808	22.688	29.6754	3.71022	91.7252	6.10788	2.03596	330.974	17.6821	15	0	-15	0	0	0	0	0	0.000808144	0.000808144	0.000808144	108180
31.8	11466.6	11129.4	1004.92	9.83861	6.1245	9.97539	22.2078	29.1939	3.62606	91.8675	6.09842	2.03281	348.639	17.7095	15	0	-15	0	0	0	0	0	0.000784366	0.000784366	0.000784366	103722
32.1	11231.9	10889.2	988.796	9.84983	6.13148	10.0274	21.7534	28.7256	3.54782	91.9722	6.09148	2.03049	6.33492	17.7297	15	0	-15	0	0	0	0	0	0.000721513	0.000721513	0.000721513	101152
32.4	11039.3	10694.1	975.085	9.85754	6.13628	10.079	21.3802	28.3273	3.48424	92.0442	6.08671	2.0289	24.0545	17.7436	15	0	-15	0	0	0	0	0	0.000631301	0.000631301	0.000631301	100214
32.7	10903.5	10557.1	964.87	9.86261	6.13943	10.1265	21.1172	28.0306	3.4396	92.0915	6.08358	2.02786	41.7911	17.7527	15	0	-15	0	0	0	0	0	0.00052557	0.00052557	0.00052557	100452
33	10824.5	10477.1	958.274	9.86599	6.14154	10.1682	20.9643	27.8389	3.41353	92.1231	6.0815	2.02717	59.5393	17.7588	15	0	-15	0	0	0	0	0	0.000422741	0.000422741	0.000422741	101261
33.3	10790.9	10441.8	954.633	9.86852	6.14312	10.2036	20.8991	27.7332	3.40204	92.1468	6.07994	2.02665	77.295	17.7633	15	0	-15	0	0	0	0	0	0.000341116	0.000341116	0.000341116	101905
33.6	10783.7	10432.5	952.792	9.87079	6.14453	10.2338	20.8853	27.6797	3.39901	92.1679	6.07854	2.02618	95.0561	17.7674	15	0	-15	0	0	0	0	0	0.000290126	0.000290126	0.000290126	101780
33.9	10782.5	10428.9	951.461	9.87303	6.14593	10.2602	20.8829	27.641	3.39785	92.1889	6.07716	2.02572	112.821	17.7715	15	0	-15	0	0	0	0	0	0.000279201	0.000279201	0.000279201	100679
34.2	10769.9	10414.5	949.546	9.87518	6.14726	10.2845	20.8586	27.5854	3.39315	92.209	6.07584	2.02528	130.591	17.7753	15	0	-15	0	0	0	0	0	0.000311251	0.000311251	0.000311251	98836.7
34.5	10735.6	10379.5	946.385	9.87695	6.14836	10.308	20.7922	27.4936	3.38174	92.2254	6.07475	2.02492	148.364	17.7785	15	0	-15	0	0	0	0	0	0.000380006	0.000380006	0.000380006	96757.7
34.8	10677.7	10322.5	941.845	9.87794	6.14898	10.331	20.68	27.3617	3.36316	92.2347	6.07414	2.02471	166.141	17.7803	15	0	-15	0	0	0	0	0	0.000473297	0.000473297	0.000473297	94914.1
35.1	10602.1	10249.5	936.29	9.87783	6.14891	10.3534	20.5336	27.2003	3.33939	92.2336	6.07421	2.02474	183.921	17.7801	15	0	-15	0	0	0	0	0	0.000572722	0.000572722	0.000572722	93753.7
35.4	10520.2	10171.8	930.43	9.87641	6.14803	10.3743	20.375	27.03	3.31407	92.2204	6.07508	2.02503	201.701	17.7775	15	0	-15	0	0	0	0	0	0.000660694	0.000660694	0.000660694	93532.3
35.7	10445.4	10102.2	925.114	9.87371	6.14634	10.3926	20.23	26.8756	3.29138	92.1952	6.07674	2.02558	219.48	17.7727	15	0	-15	0	0	0	0	0	0.000721143	0.000721143	0.000721143	94197.5
36	10389.4	10051.8	921.102	9.86995	6.14401	10.407	20.1215	26.7591	3.27498	92.1601	6.07906	2.02635	237.255	17.7659	15	0	-15	0	0	0	0	0	0.000744244	0.000744244	0.000744244	95675.2
36.3	10360.1	10028	918.899	9.86553	6.14125	10.4168	20.0648	26.6951	3.26721	92.1188	6.08178	2.02726	255.024	17.7579	15	0	-15	0	0	0	0	0	0.000730109	0.000730109	0.000730109	97725.5
36.6	10359.8	10032.5	918.658	9.8609	6.13837	10.4217	20.0644	26.6881	3.26868	92.0756	6.08464	2.02821	272.786	17.7496	15	0	-15	0	0	0	0	0	0.000682382	0.000682382	0.000682382	99928
36.9	10385.6	10061.9	920.175	9.85652	6.13564	10.422	20.1142	26.7321	3.27826	92.0347	6.08734	2.02911	290.54	17.7417	15	0	-15	0	0	0	0	0	0.000610625	0.000610625	0.000610625	101803
37.2	10430	10108.8	922.967	9.85275	6.1333	10.4186	20.2002	26.8132	3.29353	91.9995	6.08967	2.02989	308.285	17.735	15	0	-15	0	0	0	0	0	0.000530208	0.000530208	0.000530208	102941
37.5	10483.3	10163.5	926.395	9.84981	6.13147	10.4126	20.3034	26.9128	3.31135	91.9721	6.09149	2.0305	326.024	17.7297	15	0	-15	0	0	0	0	0	0.000456587	0.000456587	0.000456587	103143
37.8	10535.5	10216.2	929.809	9.84775	6.13019	10.4053	20.4046	27.012	3.32855	91.9528	6.09276	2.03092	343.756	17.726	15	0	-15	0	0	0	0	0	0.000403887	0.000403887	0.000403887	102398
38.1	10578.7	10259.4	932.68	9.84648	6.12939	10.398	20.4882	27.0954	3.34262	91.9409	6.09355	2.03118	1.48386	17.7237	15	0	-15	0	0	0	0	0	0.000381528	0.000381528	0.000381528	100919
38.4	10607.9	10288.5	934.683	9.84579	6.12896	10.3915	20.5448	27.1536	3.35209	91.9344	6.09398	2.03133	19.2087	17.7224	15	0	-15	0	0	0	0	0	0.000392093	0.000392093	0.000392093	99054
38.7	10622.1	10302.6	935.731	9.84543	6.12874	10.3864	20.5723	27.184	3.35668	91.9311	6.0942	2.0314	36.9317	17.7218	15	0	-15	0	0	0	0	0	0.000431619	0.000431619	0.000431619	97226.2
39	10623.4	10304.2	935.957	9.84518	6.12859	10.3828	20.5748	27.1906	3.35719	91.9288	6.09435	2.03145	54.6538	17.7213	15	0	-15	0	0	0	0	0	0.000489905	0.000489905	0.000489905	95793.4
39.3	10616.6	10297.9	935.648	9.84487	6.1284	10.3803	20.5616	27.1816	3.35514	91.9259	6.09454	2.03151	72.3753	17.7208	15	0	-15	0	0	0	0	0	0.000552686	0.000552686	0.000552686	94966.9
39.6	10607.2	10289.2	935.158	9.84442	6.12811	10.3786	20.5434	27.1674	3.35233	91.9217	6.09482	2.03161	90.0964	17.72	15	0	-15	0	0	0	0	0	0.000605035	0.000605035	0.000605035	94781
39.9	10600.5	10283.3	934.815	9.84383	6.12774	10.3773	20.5304	27.1574	3.3504	91.9162	6.09519	2.03173	107.817	17.7189	15	0	-15	0	0	0	0	0	0.00063541	0.00063541	0.00063541	95176.9
40.2	10599.9	10283.4	934.846	9.84318	6.12734	10.3757	20.5293	27.1583	3.35044	91.9101	6.09559	2.03186	125.536	17.7177	15	0	-15	0	0	0	0	0	0.000638624	0.000638624	0.000638624	96046
40.5	10606.9	10290.9	935.346	9.84258	6.12697	10.3738	20.5429	27.1729	3.35286	91.9045	6.09596	2.03199	143.254	17.7166	15	0	-15	0	0	0	0	0	0.000615557	0.000615557	0.000615557	97212.7
40.8	10620.7	10304.7	936.265	9.84217	6.12671	10.3716	20.5696	27.1996	3.35736	91.9007	6.09622	2.03207	160.972	17.7159	15	0	-15	0	0	0	0	0	0.000572489	0.000572489	0.000572489	98478.8
41.1	10638.8	10322.3	937.443	9.84202	6.12662	10.3691	20.6046	27.2338	3.36312	91.8993	6.09631	2.0321	178.688	17.7156	15	0	-15	0	0	0	0	0	0.000519579	0.000519579	0.000519579	99606.3
41.4	10657.6	10340.4	938.657	9.84218	6.12672	10.3667	20.6409	27.2691	3.369	91.9008	6.09621	2.03207	196.404	17.7159	15	0	-15	0	0	0	0	0	0.000468309	0.000468309	0.000468309	100384
41.7	10673.6	10355.5	939.686	9.84263	6.127	10.3648	20.672	27.2989	3.37392	91.905	6.09593	2.03198	214.12	17.7167	15	0	-15	0	0	0	0	0	0.00043058	0.00043058	0.00043058	100737
42	10684.1	10365	940.352	9.84329	6.12741	10.3636	20.6924	27.3183	3.37702	91.9112	6.09552	2.03184	231.836	17.7179	15	0	-15	0	0	0	0	0	0.000415742	0.000415742	0.000415742	100703
42.3	10687.7	10367.7	940.566	9.84406	6.12789	10.3633	20.6994	27.3245	3.37789	91.9183	6.09505	2.03168	249.553	17.7193	15	0	-15	0	0	0	0	0	0.000427613	0.000427613	0.000427613	100422
42.6	10684.5	10363.8	940.333	9.84482	6.12836	10.3641	20.6931	27.3177	3.37661	91.9254	6.09458	2.03153	267.272	17.7207	15	0	-15	0	0	0	0	0	0.000464793	0.000464793	0.000464793	100083
42.9	10675.9	10354.7	939.742	9.84548	6.12877	10.3656	20.6764	27.3006	3.37367	91.9316	6.09417	2.03139	284.992	17.7219	15	0	-15	0	0	0	0	0	0.000519846	0.000519846	0.000519846	99839.4
43.2	10664.2	10342.9	938.944	9.84596	6.12907	10.3678	20.6538	27.2774	3.3698	91.936	6.09387	2.03129	302.713	17.7227	15	0	-15	0	0	0	0	0	0.00058037	0.00058037	0.00058037	99747.3
43.5	10652	10330.8	938.106	9.84624	6.12924	10.3702	20.6302	27.253	3.36586	91.9386	6.0937	2.03123	320.435	17.7232	15	0	-15	0	0	0	0	0	0.000632562	0.000632562	0.000632562	99755.8
43.8	10641.7	10320.7	937.379	9.84633	6.1293	10.3727	20.6102	27.2319	3.36257	91.9395	6.09364	2.03121	338.158	17.7234	15	0	-15	0	0	0	0	0	0.00066477	0.00066477	0.00066477	99807.8
44.1	10634.8	10314	936.866	9.84628	6.12927	10.3749	20.5969	27.217	3.36041	91.9391	6.09367	2.03122	355.882	17.7233	15	0	-15	0	0	0	0	0	0.000670616	0.000670616	0.000670616	99858.2
44.4	10631.9	10311.3	936.606	9.84616	6.1292	10.3767	20.5912	27.2095	3.35952	91.938	6.09374	2.03125	13.605	17.7231	15	0	-15	0	0	0	0	0	0.000649609	0.000649609	0.000649609	99893.6
44.7	10632.6	10312.1	936.58	9.84603	6.12911	10.3781	20.5926	27.2087	3.35979	91.9367	6.09383	2.03128	31.3282	17.7229	15	0	-15	0	0	0	0	0	0.000606463	0.000606463	0.000606463	99880.2
45	10635.8	10315.4	936.72	9.84593	6.12905	10.3792	20.5988	27.2128	3.36085	91.9358	6.09389	2.0313	49.0511	17.7227	15	0	-15	0	0	0	0	0	0.000549625	0.000549625	0.000549625	99758.6
45.3	10640.1	10319.6	936.933	9.8459	6.12903	10.38	20.6071	27.2189	3.36222	91.9355	6.09391	2.0313	66.7739	17.7226	15	0	-15	0	0	0	0	0	0.000489731	0.000489731	0.000489731	99463.9
45.6	10643.9	10323.2	937.121	9.84594	6.12906	10.3807	20.6145	27.2244	3.36341	91.9358	6.09389	2.0313	84.4965	17.7227	15	0	-15	0	0	0	0	0	0.000438684	0.000438684	0.000438684	99004
45.9	10646.1	10325.3	937.212	9.84602	6.12911	10.3814	20.6188	27.2271	3.36408	91.9366	6.09383	2.03128	102.219	17.7228	15	0	-15	0	0	0	0	0	0.000407172	0.000407172	0.000407172	98466.4
46.2	10646.1	10325.2	937.165	9.84612	6.12917	10.3823	20.6188	27.2257	3.36404	91.9376	6.09377	2.03126	119.942	17.723	15	0	-15	0	0	0	0	0	0.000401545	0.000401545	0.000401545	97970.5
46.5	10643.9	10322.9	936.979	9.8462	6.12922	10.3833	20.6144	27.2203	3.3633	91.9383	6.09372	2.03124	137.665	17.7232	15	0	-15	0	0	0	0	0	0.000422933	0.000422933	0.000422933	97655.5
46.8	10640	10319.1	936.691	9.84623	6.12924	10.3844	20.6069	27.2119	3.36206	91.9386	6.0937	2.03123	155.388	17.7232	15	0	-15	0	0	0	0	0	0.000466752	0.000466752	0.000466752	97601.4
47.1	10635.4	10314.7	936.361	9.84619	6.12921	10.3856	20.598	27.2024	3.36063	91.9382	6.09373	2.03124	173.111	17.7231	15	0	-15	0	0	0	0	0	0.000522888	0.000522888	0.000522888	97798.1
47.4	10631.1	10310.7	936.053	9.84607	6.12914	10.3867	20.5897	27.1934	3.35931	91.9371	6.0938	2.03127	190.834	17.7229	15	0	-15	0	0	0	0	0	0.000579102	0.000579102	0.000579102	98187.3
47.7	10627.9	10307.8	935.819	9.84589	6.12903	10.3877	20.5836	27.1866	3.35837	91.9354	6.09391	2.0313	208.557	17.7226	15	0	-15	0	0	0	0	0	0.000623866	0.000623866	0.000623866	98674.2
48	10626.5	10306.6	935.695	9.84568	6.1289	10.3884	20.5807	27.183	3.35798	91.9334	6.09405	2.03135	226.28	17.7222	15	0	-15	0	0	0	0	0	0.000648637	0.000648637	0.000648637	99186.5
48.3	10626.8	10307.1	935.689	9.84545	6.12876	10.3889	20.5814	27.1828	3.35816	91.9314	6.09418	2.03139	244.003	17.7218	15	0	-15	0	0	0	0	0	0.000649755	0.000649755	0.000649755	99654.9
48.6	10628.6	10309.1	935.783	9.84525	6.12863	10.3892	20.5849	27.1855	3.35882	91.9295	6.09431	2.03144	261.725	17.7215	15	0	-15	0	0	0	0	0	0.000628529	0.000628529	0.000628529	100058
48.9	10631.5	10312.1	935.944	9.84509	6.12853	10.3893	20.5905	27.1902	3.35977	91.928	6.09441	2.03147	279.446	17.7212	15	0	-15	0	0	0	0	0	0.000590006	0.000590006	0.000590006	100318
49.2	10634.7	10315.3	936.131	9.84498	6.12846	10.3893	20.5967	27.1957	3.36082	91.927	6.09447	2.03149	297.168	17.721	15	0	-15	0	0	0	0	0	0.000541875	0.000541875	0.000541875	100358
49.5	10637.6	10318.1	936.299	9.84492	6.12843	10.3892	20.6022	27.2005	3.36174	91.9264	6.09451	2.0315	314.889	17.7209	15	0	-15	0	0	0	0	0	0.000494149	0.000494149	0.000494149	100158
49.8	10639.6	10320.1	936.414	9.8449	6.12841	10.3892	20.6061	27.2039	3.36239	91.9262	6.09452	2.03151	332.61	17.7208	15	0	-15	0	0	0	0	0	0.00045701	0.00045701	0.00045701	99771.1
50.1	10640.5	10321	936.462	9.84491	6.12842	10.3893	20.6079	27.2053	3.36268	91.9262	6.09452	2.03151	350.33	17.7208	15	0	-15	0	0	0	0	0	0.000438122	0.000438122	0.000438122	99293.5
50.4	10640.3	10320.8	936.442	9.84492	6.12842	10.3895	20.6076	27.2047	3.36263	91.9263	6.09452	2.03151	8.05118	17.7208	15	0	-15	0	0	0	0	0	0.000441223	0.000441223	0.000441223	98848.7
50.7	10639.4	10319.9	936.369	9.84491	6.12842	10.3897	20.6057	27.2026	3.36232	91.9263	6.09452	2.03151	25.772	17.7208	15	0	-15	0	0	0	0	0	0.000465296	0.000465296	0.000465296	98550.1
51	10638	10318.6	936.272	9.84489	6.12841	10.39	20.6031	27.1998	3.36191	91.9261	6.09453	2.03151	43.4929	17.7208	15	0	-15	0	0	0	0	0	0.000503951	0.000503951	0.000503951	98414.6
51.3	10636.8	10317.4	936.179	9.84485	6.12838	10.3904	20.6007	27.1971	3.36152	91.9257	6.09456	2.03152	61.2137	17.7207	15	0	-15	0	0	0	0	0	0.000547644	0.000547644	0.000547644	98419.9
51.6	10635.9	10316.7	936.112	9.84478	6.12834	10.3907	20.599	27.1951	3.36126	91.9251	6.0946	2.03153	78.9344	17.7206	15	0	-15	0	0	0	0	0	0.000586739	0.000586739	0.000586739	98521.7
51.9	10635.6	10316.5	936.086	9.84471	6.1283	10.3909	20.5985	27.1943	3.36121	91.9244	6.09464	2.03155	96.6551	17.7205	15	0	-15	0	0	0	0	0	0.000612898	0.000612898	0.000612898	98678.8
52.2	10636.1	10317	936.102	9.84464	6.12825	10.3911	20.5994	27.1948	3.36138	91.9238	6.09468	2.03156	114.376	17.7204	15	0	-15	0	0	0	0	0	0.000621202	0.000621202	0.000621202	98855.7
52.5	10637.1	10318	936.153	9.84459	6.12822	10.3912	20.6012	27.1963	3.3617	91.9233	6.09472	2.03157	132.096	17.7203	15	0	-15	0	0	0	0	0	0.000611096	0.000611096	0.000611096	99050.9
52.8	10638.3	10319.3	936.222	9.84455	6.1282	10.3913	20.6037	27.1983	3.36212	91.9229	6.09474	2.03158	149.816	17.7202	15	0	-15	0	0	0	0	0	0.000585547	0.000585547	0.000585547	99253.1
53.1	10639.6	10320.6	936.295	9.84454	6.12819	10.3913	20.6062	27.2004	3.36254	91.9228	6.09475	2.03158	167.537	17.7202	15	0	-15	0	0	0	0	0	0.00054968	0.00054968	0.00054968	99381.4
53.4	10640.7	10321.6	936.353	9.84454	6.12819	10.3914	20.6083	27.2021	3.36287	91.9228	6.09475	2.03158	185.257	17.7202	15	0	-15	0	0	0	0	0	0.000510764	0.000510764	0.000510764	99390.8
53.7	10641.3	10322.2	936.384	9.84456	6.1282	10.3915	20.6095	27.203	3.36306	91.923	6.09474	2.03158	202.977	17.7202	15	0	-15	0	0	0	0	0	0.000477401	0.000477401	0.000477401	99277.4
54	10641.5	10322.3	936.381	9.84458	6.12821	10.3917	20.6097	27.2029	3.36309	91.9232	6.09472	2.03157	220.697	17.7202	15	0	-15	0	0	0	0	0	0.000456918	0.000456918	0.000456918	99096
54.3	10641.1	10321.9	936.348	9.8446	6.12823	10.3919	20.609	27.202	3.36297	91.9234	6.09471	2.03157	238.417	17.7203	15	0	-15	0	0	0	0	0	0.000453912	0.000453912	0.000453912	98915.3
54.6	10640.4	10321.2	936.292	9.84461	6.12823	10.3921	20.6076	27.2003	3.36273	91.9235	6.0947	2.03157	256.138	17.7203	15	0	-15	0	0	0	0	0	0.000469327	0.000469327	0.000469327	98825.7
54.9	10639.5	10320.3	936.226	9.84461	6.12823	10.3924	20.6059	27.1984	3.36246	91.9235	6.09471	2.03157	273.858	17.7203	15	0	-15	0	0	0	0	0	0.000499554	0.000499554	0.000499554	98857.4
55.2	10638.7	10319.6	936.167	9.84459	6.12822	10.3927	20.6044	27.1967	3.36222	91.9233	6.09472	2.03157	291.578	17.7203	15	0	-15	0	0	0	0	0	0.000537066	0.000537066	0.000537066	98970
55.5	10638.2	10319.1	936.123	9.84457	6.1282	10.3929	20.6034	27.1954	3.36206	91.9231	6.09473	2.03158	309.299	17.7202	15	0	-15	0	0	0	0	0	0.000573425	0.000573425	0.000573425	99118.2
55.8	10638	10318.9	936.1	9.84453	6.12818	10.3931	20.603	27.1948	3.36201	91.9228	6.09475	2.03158	327.019	17.7202	15	0	-15	0	0	0	0	0	0.00060098	0.00060098	0.00060098	99252.9
56.1	10638.1	10319.1	936.1	9.8445	6.12816	10.3933	20.6033	27.1948	3.36206	91.9225	6.09477	2.03159	344.739	17.7201	15	0	-15	0	0	0	0	0	0.000614177	0.000614177	0.000614177	99356.4
56.4	10638.5	10319.5	936.117	9.84447	6.12815	10.3934	20.6041	27.1952	3.3622	91.9222	6.09479	2.0316	2.4591	17.7201	15	0	-15	0	0	0	0	0	0.000611106	0.000611106	0.000611106	99419
56.7	10639	10320.1	936.141	9.84445	6.12813	10.3935	20.6051	27.196	3.36237	91.922	6.0948	2.0316	20.1792	17.72	15	0	-15	0	0	0	0	0	0.000593357	0.000593357	0.000593357	99476.5
57	10639.6	10320.6	936.167	9.84444	6.12813	10.3936	20.6061	27.1967	3.36255	91.9219	6.09481	2.0316	37.8992	17.72	15	0	-15	0	0	0	0	0	0.000564579	0.000564579	0.000564579	99492
57.3	10640	10321	936.188	9.84444	6.12812	10.3937	20.607	27.1973	3.36269	91.9219	6.09481	2.0316	55.6192	17.72	15	0	-15	0	0	0	0	0	0.000530017	0.000530017	0.000530017	99416.7
57.6	10640.2	10321.2	936.196	9.84444	6.12813	10.3938	20.6074	27.1975	3.36276	91.9219	6.09481	2.0316	73.3392	17.72	15	0	-15	0	0	0	0	0	0.000496849	0.000496849	0.000496849	99236.9
57.9	10640.2	10321.2	936.189	9.84444	6.12813	10.394	20.6074	27.1973	3.36276	91.9219	6.09481	2.0316	91.0592	17.72	15	0	-15	0	0	0	0	0	0.000472114	0.000472114	0.000472114	98990
58.2	10640	10321	936.168	9.84445	6.12813	10.3941	20.607	27.1967	3.36269	91.9219	6.09481	2.0316	108.779	17.72	15	0	-15	0	0	0	0	0	0.000461057	0.000461057	0.000461057	98740
58.5	10639.6	10320.7	936.138	9.84444	6.12813	10.3943	20.6063	27.1959	3.36257	91.9219	6.09481	2.0316	126.499	17.72	15	0	-15	0	0	0	0	0	0.000466229	0.000466229	0.000466229	98565.3
58.8	10639.2	10320.2	936.104	9.84443	6.12812	10.3944	20.6054	27.1949	3.36243	91.9218	6.09482	2.03161	144.219	17.72	15	0	-15	0	0	0	0	0	0.000486491	0.000486491	0.000486491	98532.9
59.1	10638.8	10319.9	936.074	9.84442	6.12811	10.3946	20.6047	27.194	3.36232	91.9217	6.09483	2.03161	161.939	17.7199	15	0	-15	0	0	0	0	0	0.000516722	0.000516722	0.000516722	98621.4
59.4	10638.6	10319.7	936.054	9.84439	6.1281	10.3947	20.6043	27.1934	3.36226	91.9215	6.09484	2.03161	179.659	17.7199	15	0	-15	0	0	0	0	0	0.000549619	0.000549619	0.000549619	98781.5
59.7	10638.6	10319.7	936.046	9.84437	6.12808	10.3948	20.6042	27.1932	3.36226	91.9212	6.09485	2.03162	197.379	17.7199	15	0	-15	0	0	0	0	0	0.000578195	0.000578195	0.000578195	98958.9
60	10638.7	10319.9	936.05	9.84435	6.12807	10.3949	20.6045	27.1933	3.36231	91.921	6.09487	2.03162	215.099	17.7198	15	0	-15	0	0	0	0	0	0.000596675	0.000596675	0.000596675	99122.2
60.3	10639	10320.2	936.063	9.84433	6.12806	10.395	20.605	27.1937	3.3624	91.9208	6.09488	2.03163	232.819	17.7198	15	0	-15	0	0	0	0	0	0.000601861	0.000601861	0.000601861	99254.9
60.6	10639.3	10320.5	936.079	9.84431	6.12805	10.395	20.6056	27.1942	3.36251	91.9207	6.09489	2.03163	250.539	17.7198	15	0	-15	0	0	0	0	0	0.000593779	0.000593779	0.000593779	99373.2
60.9	10639.7	10320.8	936.095	9.84431	6.12804	10.3951	20.6063	27.1946	3.36262	91.9206	6.09489	2.03163	268.258	17.7198	15	0	-15	0	0	0	0	0	0.000574742	0.000574742	0.000574742	99481.9
61.2	10639.9	10321.1	936.107	9.8443	6.12804	10.3951	20.6068	27.195	3.3627	91.9206	6.0949	2.03163	285.978	17.7197	15	0	-15	0	0	0	0	0	0.000548344	0.000548344	0.000548344	99529.6
61.5	10640.1	10321.2	936.112	9.8443	6.12804	10.3952	20.607	27.1951	3.36275	91.9206	6.0949	2.03163	303.698	17.7197	15	0	-15	0	0	0	0	0	0.000519703	0.000519703	0.000519703	99472
61.8	10640.1	10321.2	936.109	9.8443	6.12804	10.3952	20.6071	27.195	3.36275	91.9206	6.0949	2.03163	321.418	17.7197	15	0	-15	0	0	0	0	0	0.000494906	0.000494906	0.000494906	99309.6
62.1	10640	10321.1	936.099	9.8443	6.12804	10.3953	20.6069	27.1947	3.36272	91.9206	6.0949	2.03163	339.137	17.7197	15	0	-15	0	0	0	0	0	0.000479328	0.000479328	0.000479328	99095.7
62.4	10639.8	10320.9	936.084	9.8443	6.12804	10.3954	20.6065	27.1943	3.36266	91.9206	6.0949	2.03163	356.857	17.7197	15	0	-15	0	0	0	0	0	0.000476424	0.000476424	0.000476424	98889
62.7	10639.5	10320.7	936.065	9.84429	6.12803	10.3955	20.606	27.1937	3.36259	91.9205	6.0949	2.03163	14.5769	17.7197	15	0	-15	0	0	0	0	0	0.000486958	0.000486958	0.000486958	98772.3
63	10639.3	10320.5	936.049	9.84428	6.12803	10.3956	20.6057	27.1933	3.36253	91.9204	6.09491	2.03164	32.2966	17.7197	15	0	-15	0	0	0	0	0	0.000508289	0.000508289	0.000508289	98765.5
63.3	10639.2	10320.4	936.038	9.84427	6.12802	10.3957	20.6054	27.1929	3.36249	91.9203	6.09492	2.03164	50.0163	17.7197	15	0	-15	0	0	0	0	0	0.000534747	0.000534747	0.000534747	98835.3
63.6	10639.2	10320.4	936.034	9.84426	6.12801	10.3957	20.6054	27.1928	3.36249	91.9202	6.09492	2.03164	67.736	17.7197	15	0	-15	0	0	0	0	0	0.000560262	0.000560262	0.000560262	98932.1
63.9	10639.3	10320.5	936.037	9.84424	6.128	10.3958	20.6056	27.1929	3.36253	91.9201	6.09493	2.03164	85.4557	17.7196	15	0	-15	0	0	0	0	0	0.000579445	0.000579445	0.000579445	99018.7
64.2	10639.5	10320.7	936.046	9.84423	6.128	10.3958	20.6059	27.1932	3.36259	91.92	6.09494	2.03165	103.175	17.7196	15	0	-15	0	0	0	0	0	0.000588528	0.000588528	0.000588528	99090.9
64.5	10639.7	10320.9	936.056	9.84423	6.12799	10.3958	20.6063	27.1935	3.36266	91.9199	6.09494	2.03165	120.895	17.7196	15	0	-15	0	0	0	0	0	0.000586474	0.000586474	0.000586474	99147.6
64.8	10639.9	10321.1	936.066	9.84422	6.12799	10.3959	20.6067	27.1938	3.36272	91.9199	6.09495	2.03165	138.615	17.7196	15	0	-15	0	0	0	0	0	0.000574534	0.000574534	0.000574534	99226.8
65.1	10640	10321.3	936.072	9.84422	6.12799	10.3959	20.607	27.194	3.36277	91.9198	6.09495	2.03165	156.334	17.7196	15	0	-15	0	0	0	0	0	0.000555272	0.000555272	0.000555272	99299.1
65.4	10640.1	10321.4	936.075	9.84422	6.12799	10.3959	20.6072	27.194	3.36279	91.9199	6.09495	2.03165	174.054	17.7196	15	0	-15	0	0	0	0	0	0.000532048	0.000532048	0.000532048	99314.9
65.7	10640.1	10321.4	936.073	9.84422	6.12799	10.396	20.6072	27.194	3.36279	91.9199	6.09494	2.03165	191.773	17.7196	15	0	-15	0	0	0	0	0	0.000509609	0.000509609	0.000509609	99243.4
66	10640.1	10321.3	936.066	9.84422	6.12799	10.396	20.607	27.1938	3.36277	91.9199	6.09494	2.03165	209.493	17.7196	15	0	-15	0	0	0	0	0	0.000492884	0.000492884	0.000492884	99104.4
66.3	10639.9	10321.2	936.057	9.84422	6.12799	10.3961	20.6068	27.1935	3.36273	91.9199	6.09494	2.03165	227.213	17.7196	15	0	-15	0	0	0	0	0	0.000485583	0.000485583	0.000485583	98947.4
66.6	10639.8	10321	936.044	9.84422	6.12799	10.3961	20.6065	27.1931	3.36269	91.9198	6.09495	2.03165	244.932	17.7196	15	0	-15	0	0	0	0	0	0.000489599	0.000489599	0.000489599	98833.9
66.9	10639.6	10320.9	936.032	9.84422	6.12799	10.3962	20.6062	27.1928	3.36264	91.9198	6.09495	2.03165	262.652	17.7196	15	0	-15	0	0	0	0	0	0.000504176	0.000504176	0.000504176	98822.1
67.2	10639.5	10320.8	936.024	9.84421	6.12798	10.3962	20.606	27.1925	3.36261	91.9197	6.09495	2.03165	280.371	17.7196	15	0	-15	0	0	0	0	0	0.000525548	0.000525548	0.000525548	98892.9
67.5	10639.5	10320.8	936.02	9.8442	6.12798	10.3963	20.606	27.1924	3.3626	91.9196	6.09496	2.03165	298.091	17.7196	15	0	-15	0	0	0	0	0	0.000548298	0.000548298	0.000548298	98999.4
67.8	10639.5	10320.8	936.021	9.84419	6.12797	10.3963	20.606	27.1925	3.36262	91.9196	6.09497	2.03166	315.811	17.7195	15	0	-15	0	0	0	0	0	0.00056744	0.00056744	0.00056744	99093.3
68.1	10639.6	10320.9	936.026	9.84418	6.12797	10.3963	20.6062	27.1926	3.36266	91.9195	6.09497	2.03166	333.53	17.7195	15	0	-15	0	0	0	0	0	0.000579136	0.000579136	0.000579136	99157.5
68.4	10639.8	10321.1	936.034	9.84418	6.12796	10.3964	20.6065	27.1928	3.3627	91.9194	6.09497	2.03166	351.25	17.7195	15	0	-15	0	0	0	0	0	0.000581461	0.000581461	0.000581461	99193.4
68.7	10639.9	10321.2	936.04	9.84418	6.12796	10.3964	20.6068	27.193	3.36275	91.9194	6.09497	2.03166	8.96915	17.7195	15	0	-15	0	0	0	0	0	0.0005748	0.0005748	0.0005748	99228.8
69	10640	10321.3	936.045	9.84417	6.12796	10.3964	20.607	27.1932	3.36278	91.9194	6.09498	2.03166	26.6887	17.7195	15	0	-15	0	0	0	0	0	0.000560994	0.000560994	0.000560994	99280.7
69.3	10640.1	10321.4	936.048	9.84418	6.12796	10.3964	20.6071	27.1932	3.3628	91.9194	6.09497	2.03166	44.4082	17.7195	15	0	-15	0	0	0	0	0	0.000542467	0.000542467	0.000542467	99310.3
69.6	10640.1	10321.4	936.048	9.84418	6.12796	10.3964	20.6072	27.1932	3.36281	91.9194	6.09497	2.03166	62.1277	17.7195	15	0	-15	0	0	0	0	0	0.000522566	0.000522566	0.000522566	99271.8
69.9	10640.1	10321.4	936.044	9.84418	6.12796	10.3965	20.6071	27.1931	3.36279	91.9194	6.09497	2.03166	79.8472	17.7195	15	0	-15	0	0	0	0	0	0.00050541	0.00050541	0.00050541	99154.9
70.2	10640	10321.3	936.038	9.84418	6.12796	10.3965	20.6069	27.1929	3.36277	91.9194	6.09497	2.03166	97.5667	17.7195	15	0	-15	0	0	0	0	0	0.000494821	0.000494821	0.000494821	99001.7
70.5	10639.9	10321.2	936.03	9.84418	6.12796	10.3965	20.6068	27.1927	3.36274	91.9194	6.09497	2.03166	115.286	17.7195	15	0	-15	0	0	0	0	0	0.00049331	0.00049331	0.00049331	98857.5
70.8	10639.8	10321.1	936.021	9.84417	6.12796	10.3966	20.6065	27.1925	3.36271	91.9194	6.09498	2.03166	133.006	17.7195	15	0	-15	0	0	0	0	0	0.000501456	0.000501456	0.000501456	98793.4
71.1	10639.7	10321	936.015	9.84417	6.12796	10.3966	20.6064	27.1923	3.36268	91.9193	6.09498	2.03166	150.725	17.7195	15	0	-15	0	0	0	0	0	0.000517355	0.000517355	0.000517355	98824.9
71.4	10639.7	10321	936.01	9.84416	6.12795	10.3966	20.6063	27.1922	3.36267	91.9193	6.09498	2.03166	168.445	17.7195	15	0	-15	0	0	0	0	0	0.000536668	0.000536668	0.000536668	98917.2
71.7	10639.7	10321	936.01	9.84416	6.12795	10.3967	20.6063	27.1922	3.36268	91.9192	6.09499	2.03166	186.164	17.7195	15	0	-15	0	0	0	0	0	0.000554853	0.000554853	0.000554853	99017.4
72	10639.7	10321.1	936.013	9.84415	6.12795	10.3967	20.6064	27.1922	3.3627	91.9192	6.09499	2.03166	203.884	17.7195	15	0	-15	0	0	0	0	0	0.000568084	0.000568084	0.000568084	99089.2
72.3	10639.8	10321.2	936.019	9.84415	6.12794	10.3967	20.6066	27.1924	3.36273	91.9191	6.09499	2.03166	221.603	17.7195	15	0	-15	0	0	0	0	0	0.000573911	0.000573911	0.000573911	99136.6
72.6	10640	10321.3	936.025	9.84414	6.12794	10.3967	20.6068	27.1926	3.36277	91.9191	6.09499	2.03166	239.323	17.7195	15	0	-15	0	0	0	0	0	0.000571902	0.000571902	0.000571902	99164.6
72.9	10640	10321.3	936.029	9.84414	6.12794	10.3967	20.607	27.1927	3.36279	91.9191	6.09499	2.03166	257.042	17.7195	15	0	-15	0	0	0	0	0	0.000563195	0.000563195	0.000563195	99217.6
73.2	10640.1	10321.4	936.032	9.84414	6.12794	10.3967	20.6071	27.1928	3.36281	91.9191	6.09499	2.03166	274.762	17.7195	15	0	-15	0	0	0	0	0	0.000549681	0.000549681	0.000549681	99276.1
73.5	10640.1	10321.4	936.032	9.84415	6.12794	10.3967	20.6072	27.1928	3.36282	91.9191	6.09499	2.03166	292.481	17.7195	15	0	-15	0	0	0	0	0	0.000533424	0.000533424	0.000533424	99295.5
73.8	10640.1	10321.4	936.031	9.84415	6.12794	10.3968	20.6071	27.1927	3.36281	91.9192	6.09499	2.03166	310.201	17.7195	15	0	-15	0	0	0	0	0	0.000517604	0.000517604	0.000517604	99240.1
74.1	10640.1	10321.4	936.027	9.84415	6.12794	10.3968	20.607	27.1926	3.3628	91.9192	6.09499	2.03166	327.92	17.7195	15	0	-15	0	0	0	0	0	0.000505699	0.000505699	0.000505699	99120.7
74.4	10640	10321.3	936.022	9.84415	6.12794	10.3968	20.6069	27.1925	3.36278	91.9192	6.09499	2.03166	345.639	17.7195	15	0	-15	0	0	0	0	0	0.000500369	0.000500369	0.000500369	98981.6
74.7	10639.9	10321.2	936.016	9.84415	6.12794	10.3968	20.6068	27.1923	3.36275	91.9191	6.09499	2.03166	3.35896	17.7195	15	0	-15	0	0	0	0	0	0.000503149	0.000503149	0.000503149	98875.3
75	10639.8	10321.2	936.01	9.84414	6.12794	10.3968	20.6066	27.1922	3.36273	91.9191	6.09499	2.03166	21.0784	17.7195	15	0	-15	0	0	0	0	0	0.000513606	0.000513606	0.000513606	98859.4
75.3	10639.8	10321.1	936.006	9.84414	6.12794	10.3969	20.6065	27.192	3.36272	91.9191	6.095	2.03167	38.7979	17.7195	15	0	-15	0	0	0	0	0	0.000528959	0.000528959	0.000528959	98917.3
75.6	10639.8	10321.1	936.005	9.84414	6.12794	10.3969	20.6065	27.192	3.36271	91.919	6.095	2.03167	56.5173	17.7194	15	0	-15	0	0	0	0	0	0.000545075	0.000545075	0.000545075	99003.6
75.9	10639.8	10321.1	936.006	9.84413	6.12793	10.3969	20.6066	27.192	3.36272	91.919	6.095	2.03167	74.2368	17.7194	15	0	-15	0	0	0	0	0	0.000558313	0.000558313	0.000558313	99071
76.2	10639.9	10321.2	936.01	9.84413	6.12793	10.3969	20.6067	27.1921	3.36275	91.919	6.095	2.03167	91.9562	17.7194	15	0	-15	0	0	0	0	0	0.00056608	0.00056608	0.00056608	99106.4
76.5	10640	10321.3	936.015	9.84413	6.12793	10.3969	20.6069	27.1923	3.36278	91.919	6.095	2.03167	109.676	17.7194	15	0	-15	0	0	0	0	0	0.000567217	0.000567217	0.000567217	99118.5
76.8	10640	10321.4	936.019	9.84413	6.12793	10.3969	20.607	27.1924	3.3628	91.919	6.09501	2.03167	127.395	17.7194	15	0	-15	0	0	0	0	0	0.000562286	0.000562286	0.000562286	99137.1
77.1	10640.1	10321.4	936.022	9.84413	6.12793	10.3969	20.6071	27.1925	3.36282	91.919	6.095	2.03167	145.115	17.7194	15	0	-15	0	0	0	0	0	0.000552752	0.000552752	0.000552752	99186.9
77.4	10640.1	10321.4	936.023	9.84413	6.12793	10.3969	20.6072	27.1925	3.36282	91.919	6.095	2.03167	162.834	17.7194	15	0	-15	0	0	0	0	0	0.000540181	0.000540181	0.000540181	99233.5
77.7	10640.1	10321.4	936.023	9.84413	6.12793	10.3969	20.6072	27.1925	3.36283	91.919	6.095	2.03167	180.553	17.7194	15	0	-15	0	0	0	0	0	0.000526614	0.000526614	0.000526614	99230
78	10640.1	10321.4	936.02	9.84413	6.12793	10.3969	20.6071	27.1924	3.36282	91.919	6.095	2.03167	198.273	17.7194	15	0	-15	0	0	0	0	0	0.000514786	0.000514786	0.000514786	99156.1
78.3	10640	10321.4	936.017	9.84413	6.12793	10.3969	20.607	27.1924	3.3628	91.919	6.095	2.03167	215.992	17.7194	15	0	-15	0	0	0	0	0	0.000507425	0.000507425	0.000507425	99043
78.6	10640	10321.3	936.013	9.84413	6.12793	10.397	20.6069	27.1922	3.36278	91.919	6.095	2.03167	233.712	17.7194	15	0	-15	0	0	0	0	0	0.000506416	0.000506416	0.000506416	98929.9
78.9	10639.9	10321.3	936.008	9.84413	6.12793	10.397	20.6068	27.1921	3.36276	91.919	6.095	2.03167	251.431	17.7194	15	0	-15	0	0	0	0	0	0.000512323	0.000512323	0.000512323	98879.8
79.2	10639.9	10321.2	936.004	9.84413	6.12793	10.397	20.6067	27.192	3.36274	91.919	6.095	2.03167	269.151	17.7194	15	0	-15	0	0	0	0	0	0.000523846	0.000523846	0.000523846	98912.4
79.5	10639.8	10321.2	936.002	9.84412	6.12793	10.397	20.6066	27.1919	3.36274	91.9189	6.09501	2.03167	286.87	17.7194	15	0	-15	0	0	0	0	0	0.000537681	0.000537681	0.000537681	98993.9
79.8	10639.8	10321.2	936.002	9.84412	6.12793	10.397	20.6066	27.1919	3.36274	91.9189	6.09501	2.03167	304.589	17.7194	15	0	-15	0	0	0	0	0	0.000550373	0.000550373	0.000550373	99072.5
80.1	10639.9	10321.2	936.004	9.84412	6.12792	10.397	20.6067	27.192	3.36275	91.9189	6.09501	2.03167	322.309	17.7194	15	0	-15	0	0	0	0	0	0.000559202	0.000559202	0.000559202	99113.5
80.4	10639.9	10321.3	936.008	9.84412	6.12792	10.397	20.6068	27.1921	3.36278	91.9189	6.09501	2.03167	340.028	17.7194	15	0	-15	0	0	0	0	0	0.00056263	0.00056263	0.00056263	99126.3
80.7	10640	10321.4	936.012	9.84411	6.12792	10.397	20.607	27.1922	3.3628	91.9188	6.09501	2.03167	357.748	17.7194	15	0	-15	0	0	0	0	0	0.000560627	0.000560627	0.000560627	99122
81	10640.1	10321.4	936.015	9.84412	6.12792	10.397	20.6071	27.1923	3.36281	91.9189	6.09501	2.03167	15.4671	17.7194	15	0	-15	0	0	0	0	0	0.000554254	0.000554254	0.000554254	99148.9
81.3	10640.1	10321.4	936.017	9.84412	6.12792	10.397	20.6071	27.1923	3.36282	91.9189	6.09501	2.03167	33.1865	17.7194	15	0	-15	0	0	0	0	0	0.000544909	0.000544909	0.000544909	99196.6
81.6	10640.1	10321.5	936.017	9.84412	6.12792	10.397	20.6072	27.1923	3.36283	91.9189	6.09501	2.03167	50.9059	17.7194	15	0	-15	0	0	0	0	0	0.00053374	0.00053374	0.00053374	99224.2
81.9	10640.1	10321.4	936.016	9.84412	6.12793	10.397	20.6071	27.1923	3.36282	91.9189	6.09501	2.03167	68.6253	17.7194	15	0	-15	0	0	0	0	0	0.000522793	0.000522793	0.000522793	99191.2
82.2	10640.1	10321.4	936.014	9.84412	6.12793	10.397	20.6071	27.1923	3.36281	91.9189	6.09501	2.03167	86.3447	17.7194	15	0	-15	0	0	0	0	0	0.000514477	0.000514477	0.000514477	99099.8
82.5	10640	10321.4	936.011	9.84412	6.12793	10.397	20.607	27.1922	3.3628	91.9189	6.09501	2.03167	104.064	17.7194	15	0	-15	0	0	0	0	0	0.00051071	0.00051071	0.00051071	98988.7
82.8	10640	10321.3	936.008	9.84412	6.12793	10.3971	20.6069	27.1921	3.36279	91.9189	6.09501	2.03167	121.784	17.7194	15	0	-15	0	0	0	0	0	0.000512756	0.000512756	0.000512756	98901.7
83.1	10639.9	10321.3	936.004	9.84412	6.12793	10.3971	20.6068	27.192	3.36277	91.9189	6.09501	2.03167	139.503	17.7194	15	0	-15	0	0	0	0	0	0.000520438	0.000520438	0.000520438	98896.3
83.4	10639.9	10321.2	936.001	9.84412	6.12792	10.3971	20.6067	27.1919	3.36276	91.9189	6.09501	2.03167	157.222	17.7194	15	0	-15	0	0	0	0	0	0.000531701	0.000531701	0.000531701	98957.2
83.7	10639.9	10321.2	936	9.84411	6.12792	10.3971	20.6067	27.1919	3.36276	91.9188	6.09501	2.03167	174.942	17.7194	15	0	-15	0	0	0	0	0	0.000543283	0.000543283	0.000543283	99039.7
84	10639.9	10321.3	936.001	9.84411	6.12792	10.3971	20.6067	27.1919	3.36276	91.9188	6.09501	2.03167	192.661	17.7194	15	0	-15	0	0	0	0	0	0.000552485	0.000552485	0.000552485	99096.3
84.3	10639.9	10321.3	936.004	9.84411	6.12792	10.3971	20.6068	27.192	3.36278	91.9188	6.09502	2.03167	210.381	17.7194	15	0	-15	0	0	0	0	0	0.000557555	0.000557555	0.000557555	99114.4
84.6	10640	10321.4	936.008	9.84411	6.12792	10.3971	20.607	27.1921	3.3628	91.9188	6.09502	2.03167	228.1	17.7194	15	0	-15	0	0	0	0	0	0.000557844	0.000557844	0.000557844	99108.1
84.9	10640.1	10321.4	936.011	9.84411	6.12792	10.3971	20.607	27.1922	3.36281	91.9188	6.09502	2.03167	245.819	17.7194	15	0	-15	0	0	0	0	0	0.000554041	0.000554041	0.000554041	99107.9
85.2	10640.1	10321.4	936.012	9.84411	6.12792	10.3971	20.6071	27.1922	3.36282	91.9188	6.09502	2.03167	263.539	17.7194	15	0	-15	0	0	0	0	0	0.000547369	0.000547369	0.000547369	99146.6
85.5	10640.1	10321.5	936.013	9.84411	6.12792	10.3971	20.6071	27.1922	3.36283	91.9188	6.09501	2.03167	281.258	17.7194	15	0	-15	0	0	0	0	0	0.000538821	0.000538821	0.000538821	99194.6
85.8	10640.1	10321.5	936.013	9.84411	6.12792	10.3971	20.6071	27.1922	3.36283	91.9188	6.09501	2.03167	298.978	17.7194	15	0	-15	0	0	0	0	0	0.000529526	0.000529526	0.000529526	99205.7
86.1	10640.1	10321.4	936.012	9.84411	6.12792	10.3971	20.6071	27.1922	3.36282	91.9188	6.09501	2.03167	316.697	17.7194	15	0	-15	0	0	0	0	0	0.000521252	0.000521252	0.000521252	99153
86.4	10640.1	10321.4	936.01	9.84411	6.12792	10.3971	20.607	27.1921	3.36281	91.9188	6.09501	2.03167	334.416	17.7194	15	0	-15	0	0	0	0	0	0.000515966	0.000515966	0.000515966	99059.5
86.7	10640	10321.4	936.007	9.84411	6.12792	10.3971	20.607	27.1921	3.3628	91.9188	6.09501	2.03167	352.136	17.7194	15	0	-15	0	0	0	0	0	0.000515133	0.000515133	0.000515133	98960.9
87	10640	10321.3	936.004	9.84411	6.12792	10.3971	20.6069	27.192	3.36278	91.9188	6.09501	2.03167	9.85516	17.7194	15	0	-15	0	0	0	0	0	0.000519331	0.000519331	0.000519331	98914.1
87.3	10639.9	10321.3	936.001	9.84411	6.12792	10.3971	20.6068	27.1919	3.36277	91.9188	6.09501	2.03167	27.5746	17.7194	15	0	-15	0	0	0	0	0	0.000527723	0.000527723	0.000527723	98944.1
87.6	10639.9	10321.3	935.999	9.84411	6.12792	10.3971	20.6068	27.1918	3.36277	91.9188	6.09502	2.03167	45.294	17.7194	15	0	-15	0	0	0	0	0	0.000537769	0.000537769	0.000537769	99018.7
87.9	10639.9	10321.3	936	9.84411	6.12792	10.3971	20.6068	27.1918	3.36277	91.9188	6.09502	2.03167	63.0134	17.7194	15	0	-15	0	0	0	0	0	0.000546748	0.000546748	0.000546748	99086.6
88.2	10639.9	10321.3	936.001	9.84411	6.12792	10.3971	20.6068	27.1919	3.36278	91.9188	6.09502	2.03167	80.7328	17.7194	15	0	-15	0	0	0	0	0	0.000552686	0.000552686	0.000552686	99113.3
88.5	10640	10321.3	936.004	9.8441	6.12792	10.3971	20.6069	27.192	3.36279	91.9188	6.09502	2.03167	98.4522	17.7194	15	0	-15	0	0	0	0	0	0.00055464	0.00055464	0.00055464	99109
88.8	10640	10321.4	936.008	9.8441	6.12792	10.3971	20.607	27.1921	3.36281	91.9188	6.09502	2.03167	116.172	17.7194	15	0	-15	0	0	0	0	0	0.000552816	0.000552816	0.000552816	99089
89.1	10640.1	10321.4	936.009	9.84411	6.12792	10.3971	20.6071	27.1921	3.36282	91.9188	6.09502	2.03167	133.891	17.7194	15	0	-15	0	0	0	0	0	0.000548235	0.000548235	0.000548235	99103.5
89.4	10640.1	10321.4	936.01	9.84411	6.12792	10.3971	20.6071	27.1921	3.36283	91.9188	6.09502	2.03167	151.61	17.7194	15	0	-15	0	0	0	0	0	0.000541927	0.000541927	0.000541927	99149.2
89.7	10640.1	10321.5	936.01	9.84411	6.12792	10.3971	20.6071	27.1921	3.36283	91.9188	6.09502	2.03167	169.33	17.7194	15	0	-15	0	0	0	0	0	0.000534404	0.000534404	0.000534404	99187.8
90	10640.1	10321.4	936.01	9.84411	6.12792	10.3971	20.6071	27.1921	3.36282	91.9188	6.09502	2.03167	187.049	17.7194	15	0	-15	0	0	0	0	0	0.00052691	0.00052691	0.00052691	99175.4
90.3	10640.1	10321.4	936.008	9.84411	6.12792	10.3971	20.6071	27.1921	3.36282	91.9188	6.09502	2.03167	204.768	17.7194	15	0	-15	0	0	0	0	0	0.000521057	0.000521057	0.000521057	99106.1
90.6	10640	10321.4	936.007	9.84411	6.12792	10.3971	20.607	27.1921	3.36281	91.9188	6.09502	2.03167	222.488	17.7194	15	0	-15	0	0	0	0	0	0.000518278	0.000518278	0.000518278	99014.7
90.9	10640	10321.4	936.005	9.84411	6.12792	10.3971	20.607	27.192	3.3628	91.9188	6.09502	2.03167	240.207	17.7194	15	0	-15	0	0	0	0	0	0.000519661	0.000519661	0.000519661	98938
91.2	10640	10321.3	936.002	9.84411	6.12792	10.3972	20.6069	27.1919	3.36279	91.9188	6.09502	2.03167	257.927	17.7194	15	0	-15	0	0	0	0	0	0.000525233	0.000525233	0.000525233	98934.5
91.5	10639.9	10321.3	936	9.84411	6.12792	10.3972	20.6068	27.1919	3.36278	91.9188	6.09502	2.03167	275.646	17.7194	15	0	-15	0	0	0	0	0	0.000533516	0.000533516	0.000533516	98992.1
91.8	10639.9	10321.3	935.999	9.84411	6.12792	10.3972	20.6068	27.1918	3.36278	91.9188	6.09502	2.03167	293.365	17.7194	15	0	-15	0	0	0	0	0	0.000541855	0.000541855	0.000541855	99067.6
92.1	10640	10321.3	936	9.8441	6.12792	10.3972	20.6068	27.1919	3.36278	91.9187	6.09502	2.03167	311.085	17.7194	15	0	-15	0	0	0	0	0	0.00054821	0.00054821	0.00054821	99113.2
92.4	10640	10321.3	936.002	9.8441	6.12792	10.3972	20.6069	27.1919	3.36279	91.9187	6.09502	2.03167	328.804	17.7194	15	0	-15	0	0	0	0	0	0.00055141	0.00055141	0.00055141	99116.1
92.7	10640	10321.4	936.005	9.8441	6.12792	10.3972	20.607	27.192	3.36281	91.9187	6.09502	2.03167	346.524	17.7194	15	0	-15	0	0	0	0	0	0.000551123	0.000551123	0.000551123	99094.2
93	10640.1	10321.4	936.007	9.8441	6.12792	10.3972	20.6071	27.1921	3.36282	91.9187	6.09502	2.03167	4.24302	17.7194	15	0	-15	0	0	0	0	0	0.000548132	0.000548132	0.000548132	99077.6
93.3	10640.1	10321.4	936.008	9.8441	6.12792	10.3972	20.6071	27.1921	3.36282	91.9187	6.09502	2.03167	21.9624	17.7194	15	0	-15	0	0	0	0	0	0.000543486	0.000543486	0.000543486	99106.2
93.6	10640.1	10321.5	936.009	9.8441	6.12792	10.3972	20.6071	27.1921	3.36283	91.9187	6.09502	2.03167	39.6818	17.7194	15	0	-15	0	0	0	0	0	0.000537795	0.000537795	0.000537795	99154.7
93.9	10640.1	10321.5	936.009	9.84411	6.12792	10.3972	20.6071	27.1921	3.36283	91.9188	6.09502	2.03167	57.4012	17.7194	15	0	-15	0	0	0	0	0	0.000531536	0.000531536	0.000531536	99178
94.2	10640.1	10321.4	936.008	9.84411	6.12792	10.3972	20.6071	27.1921	3.36282	91.9188	6.09502	2.03167	75.1206	17.7194	15	0	-15	0	0	0	0	0	0.000525783	0.000525783	0.000525783	99143.5
94.5	10640.1	10321.4	936.007	9.84411	6.12792	10.3972	20.607	27.192	3.36281	91.9188	6.09502	2.03167	92.84	17.7194	15	0	-15	0	0	0	0	0	0.00052196	0.00052196	0.00052196	99067.1
94.8	10640	10321.4	936.005	9.84411	6.12792	10.3972	20.607	27.192	3.36281	91.9188	6.09502	2.03167	110.559	17.7194	15	0	-15	0	0	0	0	0	0.000521231	0.000521231	0.000521231	98981.6
95.1	10640	10321.4	936.003	9.84411	6.12792	10.3972	20.6069	27.1919	3.3628	91.9188	6.09502	2.03167	128.279	17.7194	15	0	-15	0	0	0	0	0	0.000524194	0.000524194	0.000524194	98938.3
95.4	10640	10321.3	936.001	9.84411	6.12792	10.3972	20.6069	27.1919	3.36279	91.9188	6.09502	2.03167	145.998	17.7194	15	0	-15	0	0	0	0	0	0.000530369	0.000530369	0.000530369	98967.5
95.7	10640	10321.3	936	9.8441	6.12792	10.3972	20.6068	27.1918	3.36278	91.9188	6.09502	2.03167	163.718	17.7194	15	0	-15	0	0	0	0	0	0.000537787	0.000537787	0.000537787	99038.9
96	10640	10321.3	936	9.8441	6.12792	10.3972	20.6069	27.1918	3.36278	91.9187	6.09502	2.03167	181.437	17.7194	15	0	-15	0	0	0	0	0	0.000544217	0.000544217	0.000544217	99102
96.3	10640	10321.3	936.001	9.8441	6.12792	10.3972	20.6069	27.1919	3.36279	91.9187	6.09502	2.03167	199.156	17.7194	15	0	-15	0	0	0	0	0	0.000548193	0.000548193	0.000548193	99120.9
96.6	10640	10321.4	936.003	9.8441	6.12791	10.3972	20.607	27.1919	3.3628	91.9187	6.09502	2.03167	216.876	17.7194	15	0	-15	0	0	0	0	0	0.000549168	0.000549168	0.000549168	99105.6
96.9	10640.1	10321.4	936.006	9.8441	6.12791	10.3972	20.607	27.192	3.36281	91.9187	6.09502	2.03167	234.595	17.7194	15	0	-15	0	0	0	0	0	0.000547491	0.000547491	0.000547491	99074.1
97.2	10640.1	10321.4	936.007	9.8441	6.12792	10.3972	20.6071	27.192	3.36282	91.9187	6.09502	2.03167	252.314	17.7194	15	0	-15	0	0	0	0	0	0.000544151	0.000544151	0.000544151	99076.8
97.5	10640.1	10321.4	936.007	9.8441	6.12792	10.3972	20.6071	27.1921	3.36282	91.9187	6.09502	2.03167	270.034	17.7194	15	0	-15	0	0	0	0	0	0.000539945	0.000539945	0.000539945	99118.5
97.8	10640.1	10321.4	936.007	9.8441	6.12792	10.3972	20.6071	27.1921	3.36282	91.9187	6.09502	2.03167	287.753	17.7194	15	0	-15	0	0	0	0	0	0.000534975	0.000534975	0.000534975	99163.3
98.1	10640.1	10321.4	936.007	9.8441	6.12792	10.3972	20.6071	27.1921	3.36282	91.9187	6.09502	2.03167	305.473	17.7194	15	0	-15	0	0	0	0	0	0.000529883	0.000529883	0.000529883	99165.3
98.4	10640.1	10321.4	936.006	9.8441	6.12792	10.3972	20.607	27.192	3.36281	91.9188	6.09502	2.03167	323.192	17.7194	15	0	-15	0	0	0	0	0	0.000525706	0.000525706	0.000525706	99111.2
98.7	10640	10321.4	936.005	9.8441	6.12792	10.3972	20.607	27.192	3.36281	91.9188	6.09502	2.03167	340.911	17.7194	15	0	-15	0	0	0	0	0	0.000523558	0.000523558	0.000523558	99032.8
99	10640	10321.4	936.004	9.8441	6.12792	10.3972	20.607	27.192	3.3628	91.9188	6.09502	2.03167	358.631	17.7194	15	0	-15	0	0	0	0	0	0.000524404	0.000524404	0.000524404	98961.7
99.3	10640	10321.4	936.001	9.8441	6.12792	10.3972	20.6069	27.1919	3.36279	91.9188	6.09502	2.03167	16.3502	17.7194	15	0	-15	0	0	0	0	0	0.000528422	0.000528422	0.000528422	98956.9
99.6	10640	10321.3	936	9.8441	6.12792	10.3972	20.6069	27.1919	3.36279	91.9187	6.09502	2.03167	34.0695	17.7194	15	0	-15	0	0	0	0	0	0.000534584	0.000534584	0.000534584	99010.6
99.9	10640	10321.3	935.999	9.8441	6.12792	10.3972	20.6069	27.1918	3.36279	91.9187	6.09502	2.03167	51.7889	17.7194	15	0	-15	0	0	0	0	0	0.000540674	0.000540674	0.000540674	99081.6
100.2	10640	10321.3	936	9.8441	6.12791	10.3972	20.6069	27.1919	3.36279	91.9187	6.09502	2.03167	69.5083	17.7194	15	0	-15	0	0	0	0	0	0.000545094	0.000545094	0.000545094	99121
100.5	10640	10321.4	936.002	9.8441	6.12791	10.3972	20.6069	27.1919	3.3628	91.9187	6.09502	2.03167	87.2277	17.7194	15	0	-15	0	0	0	0	0	0.000547054	0.000547054	0.000547054	99115
100.8	10640	10321.4	936.004	9.8441	6.12791	10.3972	20.607	27.192	3.36281	91.9187	6.09502	2.03167	104.947	17.7194	15	0	-15	0	0	0	0	0	0.00054643	0.00054643	0.00054643	99083.8
101.1	10640.1	10321.4	936.006	9.8441	6.12791	10.3972	20.6071	27.192	3.36282	91.9187	6.09502	2.03167	122.666	17.7194	15	0	-15	0	0	0	0	0	0.000544049	0.000544049	0.000544049	99056.1
101.4	10640.1	10321.4	936.007	9.8441	6.12791	10.3972	20.6071	27.192	3.36282	91.9187	6.09502	2.03167	140.386	17.7194	15	0	-15	0	0	0	0	0	0.000540847	0.000540847	0.000540847	99077.6
101.7	10640.1	10321.4	936.007	9.8441	6.12792	10.3972	20.6071	27.192	3.36282	91.9187	6.09502	2.03167	158.105	17.7194	15	0	-15	0	0	0	0	0	0.000537185	0.000537185	0.000537185	99127
102	10640.1	10321.4	936.006	9.8441	6.12792	10.3972	20.6071	27.192	3.36282	91.9187	6.09502	2.03167	175.825	17.7194	15	0	-15	0	0	0	0	0	0.000533063	0.000533063	0.000533063	99160.2
102.3	10640.1	10321.4	936.006	9.8441	6.12792	10.3972	20.6071	27.192	3.36282	91.9187	6.09502	2.03167	193.544	17.7194	15	0	-15	0	0	0	0	0	0.000529081	0.000529081	0.000529081	99140.7
102.6	10640.1	10321.4	936.005	9.8441	6.12792	10.3972	20.607	27.192	3.36281	91.9187	6.09502	2.03167	211.263	17.7194	15	0	-15	0	0	0	0	0	0.000526267	0.000526267	0.000526267	99077.3
102.9	10640	10321.4	936.004	9.8441	6.12792	10.3972	20.607	27.192	3.36281	91.9187	6.09502	2.03167	228.983	17.7194	15	0	-15	0	0	0	0	0	0.000525549	0.000525549	0.000525549	99001.1
103.2	10640	10321.4	936.003	9.8441	6.12792	10.3972	20.607	27.1919	3.3628	91.9187	6.09502	2.03167	246.702	17.7194	15	0	-15	0	0	0	0	0	0.000527575	0.000527575	0.000527575	98958.2
103.5	10640	10321.4	936.001	9.8441	6.12792	10.3972	20.6069	27.1919	3.36279	91.9187	6.09502	2.03167	264.422	17.7194	15	0	-15	0	0	0	0	0	0.000532137	0.000532137	0.000532137	98984.8
103.8	10640	10321.3	936	9.8441	6.12792	10.3972	20.6069	27.1919	3.36279	91.9187	6.09502	2.03167	282.141	17.7194	15	0	-15	0	0	0	0	0	0.000537691	0.000537691	0.000537691	99052.6
104.1	10640	10321.3	936	9.8441	6.12791	10.3972	20.6069	27.1919	3.36279	91.9187	6.09502	2.03167	299.86	17.7194	15	0	-15	0	0	0	0	0	0.000542358	0.000542358	0.000542358	99112.3
104.4	10640	10321.4	936.001	9.8441	6.12791	10.3972	20.6069	27.1919	3.3628	91.9187	6.09502	2.03167	317.58	17.7194	15	0	-15	0	0	0	0	0	0.000544996	0.000544996	0.000544996	99126.3
104.7	10640	10321.4	936.003	9.8441	6.12791	10.3972	20.607	27.1919	3.3628	91.9187	6.09502	2.03167	335.299	17.7194	15	0	-15	0	0	0	0	0	0.000545318	0.000545318	0.000545318	99103.1
105	10640.1	10321.4	936.005	9.8441	6.12791	10.3972	20.607	27.192	3.36281	91.9187	6.09502	2.03167	353.018	17.7194	15	0	-15	0	0	0	0	0	0.000543767	0.000543767	0.000543767	99063.3
105.3	10640.1	10321.4	936.005	9.8441	6.12791	10.3972	20.6071	27.192	3.36282	91.9187	6.09502	2.03167	10.7378	17.7194	15	0	-15	0	0	0	0	0	0.000541282	0.000541282	0.000541282	99055.1
105.6	10640.1	10321.4	936.006	9.8441	6.12791	10.3972	20.6071	27.192	3.36282	91.9187	6.09502	2.03167	28.4572	17.7194	15	0	-15	0	0	0	0	0	0.000538534	0.000538534	0.000538534	99092.7
105.9	10640.1	10321.4	936.005	9.8441	6.12792	10.3972	20.6071	27.192	3.36282	91.9187	6.09502	2.03167	46.1766	17.7194	15	0	-15	0	0	0	0	0	0.000535384	0.000535384	0.000535384	99141.8
106.2	10640.1	10321.4	936.005	9.8441	6.12792	10.3972	20.6071	27.192	3.36282	91.9187	6.09502	2.03167	63.896	17.7194	15	0	-15	0	0	0	0	0	0.000531991	0.000531991	0.000531991	99155.5
106.5	10640	10321.4	936.005	9.8441	6.12792	10.3972	20.607	27.192	3.36281	91.9187	6.09502	2.03167	81.6154	17.7194	15	0	-15	0	0	0	0	0	0.00052899	0.00052899	0.00052899	99114.1
106.8	10640	10321.4	936.004	9.8441	6.12792	10.3972	20.607	27.192	3.36281	91.9187	6.09502	2.03167	99.3347	17.7194	15	0	-15	0	0	0	0	0	0.000527277	0.000527277	0.000527277	99046
107.1	10640	10321.4	936.004	9.8441	6.12792	10.3972	20.607	27.192	3.36281	91.9187	6.09502	2.03167	117.054	17.7194	15	0	-15	0	0	0	0	0	0.000527707	0.000527707	0.000527707	98979.3
107.4	10640	10321.4	936.002	9.8441	6.12792	10.3972	20.6069	27.1919	3.3628	91.9187	6.09502	2.03167	134.774	17.7194	15	0	-15	0	0	0	0	0	0.000530597	0.000530597	0.000530597	98972.3
107.7	10640	10321.4	936.001	9.8441	6.12792	10.3972	20.6069	27.1919	3.36279	91.9187	6.09502	2.03167	152.493	17.7194	15	0	-15	0	0	0	0	0	0.000535253	0.000535253	0.000535253	99022.7
108	10640	10321.3	936	9.8441	6.12791	10.3972	20.6069	27.1919	3.36279	91.9187	6.09502	2.03167	170.212	17.7194	15	0	-15	0	0	0	0	0	0.000539799	0.000539799	0.000539799	99091.1
108.3	10640	10321.4	936.001	9.8441	6.12791	10.3972	20.6069	27.1919	3.3628	91.9187	6.09502	2.03167	187.932	17.7194	15	0	-15	0	0	0	0	0	0.000542922	0.000542922	0.000542922	99128.3
108.6	10640	10321.4	936.002	9.8441	6.12791	10.3972	20.607	27.1919	3.3628	91.9187	6.09502	2.03167	205.651	17.7194	15	0	-15	0	0	0	0	0	0.000544048	0.000544048	0.000544048	99117.5
108.9	10640	10321.4	936.004	9.8441	6.12791	10.3972	20.607	27.192	3.36281	91.9187	6.09502	2.03167	223.37	17.7194	15	0	-15	0	0	0	0	0	0.000543216	0.000543216	0.000543216	99080.3
109.2	10640.1	10321.4	936.005	9.8441	6.12791	10.3972	20.6071	27.192	3.36282	91.9187	6.09502	2.03167	241.09	17.7194	15	0	-15	0	0	0	0	0	0.000541268	0.000541268	0.000541268	99043.9
109.5	10640.1	10321.4	936.005	9.8441	6.12791	10.3972	20.6071	27.192	3.36282	91.9187	6.09502	2.03167	258.809	17.7194	15	0	-15	0	0	0	0	0	0.000539058	0.000539058	0.000539058	99058.6
109.8	10640.1	10321.4	936.005	9.8441	6.12791	10.3972	20.6071	27.192	3.36282	91.9187	6.09502	2.03167	276.529	17.7194	15	0	-15	0	0	0	0	0	0.000536815	0.000536815	0.000536815	99107.5
110.1	10640.1	10321.4	936.005	9.8441	6.12792	10.3972	20.6071	27.192	3.36282	91.9187	6.09502	2.03167	294.248	17.7194	15	0	-15	0	0	0	0	0	0.000534186	0.000534186	0.000534186	99147.7
110.4	10640.1	10321.4	936.005	9.8441	6.12792	10.3972	20.607	27.192	3.36281	91.9187	6.09502	2.03167	311.967	17.7194	15	0	-15	0	0	0	0	0	0.000531438	0.000531438	0.000531438	99139.5
110.7	10640	10321.4	936.004	9.8441	6.12792	10.3972	20.607	27.192	3.36281	91.9187	6.09502	2.03167	329.687	17.7194	15	0	-15	0	0	0	0	0	0.000529319	0.000529319	0.000529319	99085.7
111	10640	10321.4	936.004	9.8441	6.12792	10.3972	20.607	27.192	3.36281	91.9187	6.09502	2.03167	347.406	17.7194	15	0	-15	0	0	0	0	0	0.000528565	0.000528565	0.000528565	99016
111.3	10640	10321.4	936.003	9.8441	6.12792	10.3972	20.607	27.1919	3.36281	91.9187	6.09502	2.03167	5.12549	17.7194	15	0	-15	0	0	0	0	0	0.000529885	0.000529885	0.000529885	98971.9
111.6	10640	10321.4	936.002	9.8441	6.12792	10.3972	20.6069	27.1919	3.3628	91.9187	6.09502	2.03167	22.8449	17.7194	15	0	-15	0	0	0	0	0	0.000533273	0.000533273	0.000533273	98994.8
111.9	10640	10321.4	936.001	9.8441	6.12792	10.3972	20.6069	27.1919	3.3628	91.9187	6.09502	2.03167	40.5643	17.7194	15	0	-15	0	0	0	0	0	0.000537519	0.000537519	0.000537519	99059.3
112.2	10640	10321.4	936.001	9.8441	6.12791	10.3972	20.6069	27.1919	3.3628	91.9187	6.09502	2.03167	58.2836	17.7194	15	0	-15	0	0	0	0	0	0.000540982	0.000540982	0.000540982	99117.4
112.5	10640	10321.4	936.002	9.8441	6.12791	10.3972	20.6069	27.1919	3.3628	91.9187	6.09502	2.03167	76.003	17.7194	15	0	-15	0	0	0	0	0	0.000542726	0.000542726	0.000542726	99129.5
112.8	10640	10321.4	936.003	9.8441	6.12791	10.3972	20.607	27.1919	3.36281	91.9187	6.09502	2.03167	93.7224	17.7194	15	0	-15	0	0	0	0	0	0.000542631	0.000542631	0.000542631	99101.8
113.1	10640.1	10321.4	936.005	9.8441	6.12791	10.3972	20.607	27.192	3.36281	91.9187	6.09502	2.03167	111.442	17.7194	15	0	-15	0	0	0	0	0	0.000541192	0.000541192	0.000541192	99056.6
113.4	10640.1	10321.4	936.005	9.8441	6.12791	10.3972	20.607	27.192	3.36282	91.9187	6.09502	2.03167	129.161	17.7194	15	0	-15	0	0	0	0	0	0.000539304	0.000539304	0.000539304	99039.6
113.7	10640.1	10321.4	936.005	9.8441	6.12791	10.3972	20.607	27.192	3.36282	91.9187	6.09502	2.03167	146.881	17.7194	15	0	-15	0	0	0	0	0	0.00053757	0.00053757	0.00053757	99073.3
114	10640.1	10321.4	936.005	9.8441	6.12791	10.3972	20.607	27.192	3.36281	91.9187	6.09502	2.03167	164.6	17.7194	15	0	-15	0	0	0	0	0	0.000535709	0.000535709	0.000535709	99125.5
114.3	10640.1	10321.4	936.004	9.8441	6.12792	10.3972	20.607	27.192	3.36281	91.9187	6.09502	2.03167	182.319	17.7194	15	0	-15	0	0	0	0	0	0.000533521	0.000533521	0.000533521	99148.8
114.6	10640	10321.4	936.004	9.8441	6.12792	10.3972	20.607	27.192	3.36281	91.9187	6.09502	2.03167	200.039	17.7194	15	0	-15	0	0	0	0	0	0.000531356	0.000531356	0.000531356	99118.5
114.9	10640	10321.4	936.004	9.8441	6.12792	10.3972	20.607	27.192	3.36281	91.9187	6.09502	2.03167	217.758	17.7194	15	0	-15	0	0	0	0	0	0.000529931	0.000529931	0.000529931	99057.8
115.2	10640	10321.4	936.004	9.8441	6.12792	10.3972	20.607	27.192	3.36281	91.9187	6.09502	2.03167	235.477	17.7194	15	0	-15	0	0	0	0	0	0.000530017	0.000530017	0.000530017	98993.8
115.5	10640	10321.4	936.002	9.8441	6.12792	10.3972	20.607	27.1919	3.3628	91.9187	6.09502	2.03167	253.197	17.7194	15	0	-15	0	0	0	0	0	0.000532083	0.000532083	0.000532083	98983.7
115.8	10640	10321.4	936.001	9.8441	6.12791	10.3972	20.6069	27.1919	3.3628	91.9187	6.09502	2.03167	270.916	17.7194	15	0	-15	0	0	0	0	0	0.000535656	0.000535656	0.000535656	99030.4
116.1	10640	10321.4	936.001	9.8441	6.12791	10.3972	20.6069	27.1919	3.3628	91.9187	6.09502	2.03167	288.636	17.7194	15	0	-15	0	0	0	0	0	0.000539125	0.000539125	0.000539125	99096.9
116.4	10640	10321.4	936.001	9.8441	6.12791	10.3972	20.6069	27.1919	3.3628	91.9187	6.09502	2.03167	306.355	17.7194	15	0	-15	0	0	0	0	0	0.00054138	0.00054138	0.00054138	99133.5
116.7	10640	10321.4	936.002	9.8441	6.12791	10.3972	20.607	27.1919	3.3628	91.9187	6.09502	2.03167	324.074	17.7194	15	0	-15	0	0	0	0	0	0.00054195	0.00054195	0.00054195	99120.2
117	10640	10321.4	936.004	9.8441	6.12791	10.3972	20.607	27.192	3.36281	91.9187	6.09502	2.03167	341.794	17.7194	15	0	-15	0	0	0	0	0	0.000540995	0.000540995	0.000540995	99079.4
117.3	10640.1	10321.4	936.005	9.8441	6.12791	10.3972	20.6071	27.192	3.36282	91.9187	6.09502	2.03167	359.513	17.7194	15	0	-15	0	0	0	0	0	0.000539356	0.000539356	0.000539356	99036.2
117.6	10640.1	10321.4	936.005	9.8441	6.12791	10.3972	20.607	27.192	3.36282	91.9187	6.09502	2.03167	17.2325	17.7194	15	0	-15	0	0	0	0	0	0.000537823	0.000537823	0.000537823	99044.7
117.9	10640.1	10321.4	936.005	9.8441	6.12791	10.3972	20.607	27.192	3.36281	91.9187	6.09502	2.03167	34.9519	17.7194	15	0	-15	0	0	0	0	0	0.000536573	0.000536573	0.000536573	99092.3
118.2	10640.1	10321.4	936.004	9.8441	6.12791	10.3972	20.607	27.192	3.36281	91.9187	6.09502	2.03167	52.6713	17.7194	15	0	-15	0	0	0	0	0	0.000534997	0.000534997	0.000534997	99137.8
118.5	10640	10321.4	936.004	9.8441	6.12791	10.3972	20.607	27.192	3.36281	91.9187	6.09502	2.03167	70.3907	17.7194	15	0	-15	0	0	0	0	0	0.000533121	0.000533121	0.000533121	99138.8
118.8	10640	10321.4	936.004	9.8441	6.12792	10.3972	20.607	27.192	3.36281	91.9187	6.09502	2.03167	88.11	17.7194	15	0	-15	0	0	0	0	0	0.000531487	0.000531487	0.000531487	99092.7
119.1	10640	10321.4	936.004	9.8441	6.12792	10.3972	20.607	27.192	3.36281	91.9187	6.09502	2.03167	105.829	17.7194	15	0	-15	0	0	0	0	0	0.000530686	0.000530686	0.000530686	99027.9
119.4	10640	10321.4	936.003	9.8441	6.12792	10.3972	20.607	27.192	3.36281	91.9187	6.09502	2.03167	123.549	17.7194	15	0	-15	0	0	0	0	0	0.000531473	0.000531473	0.000531473	98981.9
119.7	10640	10321.4	936.002	9.8441	6.12792	10.3972	20.607	27.1919	3.3628	91.9187	6.09502	2.03167	141.268	17.7194	15	0	-15	0	0	0	0	0	0.000534005	0.000534005	0.000534005	99000.8
120	10640	10321.4	936.002	9.8441	6.12791	10.3972	20.607	27.1919	3.3628	91.9187	6.09502	2.03167	158.988	17.7194	15	0	-15	0	0	0	0	0	0.00053733	0.00053733	0.00053733	99062.3
120.3	10640	10321.4	936.002	9.8441	6.12791	10.3972	20.607	27.1919	3.3628	91.9187	6.09502	2.03167	176.707	17.7194	15	0	-15	0	0	0	0	0	0.00053997	0.00053997	0.00053997	99119.8
120.6	10640	10321.4	936.002	9.8441	6.12791	10.3972	20.607	27.1919	3.3628	91.9187	6.09502	2.03167	194.426	17.7194	15	0	-15	0	0	0	0	0	0.000541125	0.000541125	0.000541125	99132.1
120.9	10640	10321.4	936.003	9.8441	6.12791	10.3972	20.607	27.1919	3.36281	91.9187	6.09502	2.03167	212.146	17.7194	15	0	-15	0	0	0	0	0	0.000540779	0.000540779	0.000540779	99102.2
121.2	10640.1	10321.4	936.004	9.8441	6.12791	10.3972	20.607	27.192	3.36281	91.9187	6.09502	2.03167	229.865	17.7194	15	0	-15	0	0	0	0	0	0.000539424	0.000539424	0.000539424	99053.4
