# Sensor: Rotor
# Record count: 412
# Storage mode: Memory
# Datetime of save: 2026-04-08T11:32:08
# Statistical parameters for each field (time series) are placed above the column of the respective time series.

# Results earlier than the 'Statistics start time' (see below) are not included when calculating the statistic variables.
# Statistics start time: 0 s

# Column
1	2	3	4	5	6	7	8	9	10	11	12	13	14	15	16	17	18	19	20	21	22	23	24	25	26	27	
Time [s]	Power (aero) [k W]	Torque (aero) [k Nm]	Thrust (aero) [k N]	RPM [rpm]	TSR []	Representative demanded pitch angle [°]	Power coef. (CP) [%]	Thrust coef. (CT) [%]	Torque coef. (CQ) [%]	Tip speed [m/s]	1P (one revolution) [s]	nP (blade passing) [s]	Azimuth angle [°]	Rotation per timestep [°]	Wind speed at hub, magnitude [m/s]	Wind speed at hub.x [m/s]	Wind speed at hub.y [m/s]	Wind speed at hub.z [m/s]	Turbulence at hub (local).x [m/s]	Turbulence at hub (local).y [m/s]	Turbulence at hub (local).z [m/s]	Wind angle at hub [°]	Yaw angle relative to forward [°]	Yaw angle to reference direction [°]	Yaw error [°]	Torque about yaw axis [Nm]
----------	----------	----------	----------	----------	----------	----------	----------	----------	----------	----------	----------	----------	----------	----------	----------	----------	----------	----------	----------	----------	----------	----------	----------	----------	----------	----------
Min	-617.115 [24s]	-549.889 [24s]	70.7173 [0.3s]	4.77465 [0.3s]	0 [0s]	0 [0s]	-1.19519 [24s]	2.05442 [0.3s]	-0.179159 [24s]	44.583 [0.3s]	5.34877 [22.2s]	1.78292 [22.2s]	0 [0s]	8.59437 [0.3s]	0 [0s]	-2.0337 [78s]	-18.2566 [108s]	-1.63505 [51.3s]	0 [0s]	0 [0s]	0 [0s]	-6.86871 [11.7s]	-0.130641 [32.1s]	-0.130641 [32.1s]	-0.130641 [32.1s]	-6.00142e+06 [98.1s]
Max	27639.8 [19.5s]	26518.4 [19.5s]	2571.6 [20.4s]	11.2175 [22.2s]	7.02677 [34.2s]	13.209 [24.6s]	53.5312 [19.5s]	74.7078 [20.4s]	8.63994 [19.5s]	104.743 [22.2s]	12.5664 [0.3s]	4.18879 [0.3s]	357.823 [123.3s]	20.1916 [22.2s]	18.2945 [108s]	1.80957 [117.6s]	0 [0s]	1.35563 [34.2s]	0 [0s]	0 [0s]	0 [0s]	7.88506 [78s]	0.11789 [54.3s]	0.11789 [54.3s]	0.11789 [54.3s]	8.72337e+06 [54.3s]
Mean	10566.5	11050.6	915.692	9.26195	5.67231	9.25461	20.4646	26.6019	3.6004	86.4829	6.79952	2.26651	177.409	16.6715	15.2207	-0.0847694	-15.1911	-0.126041	0	0	0	0.263868	-0.00144212	-0.00144212	-0.00144212	689092
Standard deviation	3586.4	3672.08	297.735	1.59156	1.03443	4.23517	6.94593	8.64954	1.1964	14.8611	1.89124	0.630413	104.491	2.86481	1.35877	0.77587	1.35338	0.540065	0	0	0	2.90746	0.0451137	0.0451137	0.0451137	3.07405e+06
----------	----------	----------	----------	----------	----------	----------	----------	----------	----------	----------	----------	----------	----------	----------	----------	----------	----------	----------	----------	----------	----------	----------	----------	----------	----------	----------
0	0	0	935.988	4.77465	0	0	0	27.1915	0	44.583	12.5664	4.18879	0	8.59437	0	0	0	0	0	0	0	0	0	0	0	0
0.3	-119.365	-238.729	70.7173	4.77465	2.90969	0	-0.231178	2.05442	-0.0777803	44.583	12.5664	4.18879	0	8.59437	15.3222	0.487817	-15.3083	0.434885	0	0	0	-1.82518	0	0	0	-0.00308913
0.6	7833.31	15666.6	841.427	4.77466	3.00047	0	15.1711	24.4444	5.10432	44.5831	12.5663	4.18878	8.59437	8.59439	14.8587	0.722789	-14.8196	0.798355	0	0	0	-2.79224	0	0	0	-334396
0.9	6680.48	13360.8	757.515	4.7747	3.077	0	12.9384	22.0067	4.35308	44.5835	12.5662	4.18874	17.1887	8.59446	14.4893	0.590445	-14.4663	0.563164	0	0	0	-2.33725	-1.47878e-06	-1.47878e-06	-1.47878e-06	-446011
1.2	6184.81	12369.2	716.658	4.7748	3.1042	0	11.9784	20.8197	4.03002	44.5844	12.566	4.18866	25.7832	8.59463	14.3626	0.970287	-14.3269	0.286305	0	0	0	-3.87442	0	0	0	72976.1
1.5	5857.11	11713.4	691.959	4.77498	3.02693	0	11.3437	20.1022	3.81634	44.5861	12.5655	4.1885	34.3777	8.59497	14.7298	0.734931	-14.7104	-0.17398	0	0	0	-2.86011	3.5202e-06	3.5202e-06	3.5202e-06	57129.8
1.8	5749.25	11496.9	683.252	4.7753	3.08164	0	11.1348	19.8492	3.74581	44.5891	12.5647	4.18822	42.9725	8.59554	14.4693	0.752131	-14.4496	-0.0653593	0	0	0	-2.97968	-1.47878e-06	-1.47878e-06	-1.47878e-06	-144820
2.1	5647.64	11292.5	672.982	4.77581	3.12779	0	10.938	19.5509	3.67922	44.5938	12.5633	4.18777	51.5678	8.59646	14.2573	0.508036	-14.2474	-0.15974	0	0	0	-2.0422	-1.00658e-05	-1.00658e-05	-1.00658e-05	-240539
2.4	5615.9	11227.3	670.315	4.77656	3.1476	0	10.8766	19.4734	3.65796	44.6009	12.5613	4.18711	60.1638	8.59782	14.1698	0.305035	-14.1662	-0.0958418	0	0	0	-1.23354	-1.3199e-05	-1.3199e-05	-1.3199e-05	-265749
2.7	5581.23	11155.5	668.231	4.77764	3.17319	0	10.8094	19.4129	3.63456	44.6109	12.5585	4.18617	68.7609	8.59975	14.0587	0.394722	-14.0522	-0.162316	0	0	0	-1.609	3.19453e-06	3.19453e-06	3.19453e-06	-38393.1
3	5647.97	11285.4	675.833	4.77912	3.13945	0	10.9387	19.6337	3.67688	44.6247	12.5546	4.18487	77.3597	8.60241	14.2142	-0.125112	-14.2127	-0.167334	0	0	0	0.504352	4.86576e-05	4.86576e-05	4.86576e-05	279883
3.3	5676.39	11337.5	676.162	4.7811	3.1913	0	10.9937	19.6433	3.69385	44.6432	12.5494	4.18314	85.9608	8.60597	13.989	-0.272631	-13.9859	0.110355	0	0	0	1.11674	7.81984e-05	7.81984e-05	7.81984e-05	335501
3.6	5687.56	11353.7	674.49	4.78365	3.14424	0	11.0153	19.5947	3.69914	44.6671	12.5427	4.1809	94.565	8.61058	14.206	-0.19692	-14.2041	-0.127276	0	0	0	0.794275	0.000165865	0.000165865	0.000165865	779412
3.9	5629.38	11230	667.695	4.78687	3.18957	0	10.9027	19.3973	3.65885	44.6971	12.5343	4.1781	103.173	8.61636	14.0135	-0.394587	-14.0064	-0.205413	0	0	0	1.6137	0.000212279	0.000212279	0.000212279	601027
4.2	5584.46	11131.2	663.968	4.79081	3.27098	0	10.8156	19.289	3.62666	44.7339	12.524	4.17466	111.787	8.62346	13.676	-0.457971	-13.6664	0.228088	0	0	0	1.9193	0.000146506	0.000146506	0.000146506	541451
4.5	5547.5	11046.6	658.553	4.79557	3.32143	0	10.7441	19.1317	3.59908	44.7784	12.5115	4.17052	120.407	8.63203	13.4816	-0.356848	-13.4651	0.564176	0	0	0	1.51808	0.000145194	0.000145194	0.000145194	331824
4.8	5505.33	10949.7	649.919	4.80124	3.24284	0	10.6624	18.8809	3.56751	44.8313	12.4968	4.16559	129.034	8.64223	13.8247	-0.567051	-13.805	0.473541	0	0	0	2.35215	9.97783e-05	9.97783e-05	9.97783e-05	168530
5.1	5515.76	10955.1	648.649	4.80794	3.30283	0	10.6826	18.844	3.56929	44.8938	12.4794	4.15979	137.671	8.65429	13.5925	-0.47918	-13.574	0.52255	0	0	0	2.02177	-7.69534e-05	-7.69534e-05	-7.69534e-05	-105406
5.4	5556.87	11018.7	647.321	4.81582	3.35249	0	10.7622	18.8054	3.59	44.9675	12.4589	4.15298	146.32	8.66848	13.4131	-0.710037	-13.3856	0.483558	0	0	0	3.0364	-0.000200593	-0.000200593	-0.000200593	-158151
5.7	5595.69	11074.5	652.512	4.82502	3.32041	0	10.8374	18.9562	3.60819	45.0534	12.4352	4.14506	154.981	8.68504	13.5686	-0.824344	-13.5375	0.403724	0	0	0	3.48462	-0.000650698	-0.000650698	-0.000650698	-811647
6	5613.39	11085.2	652.975	4.83564	3.28865	0	10.8717	18.9697	3.61166	45.1525	12.4079	4.13595	163.658	8.70416	13.7298	-0.284499	-13.7112	0.655362	0	0	0	1.18868	-0.00071142	-0.00071142	-0.00071142	-399269
6.3	5575.55	10983	650.081	4.84771	3.28841	0	10.7984	18.8856	3.57838	45.2652	12.377	4.12566	172.352	8.72588	13.7651	0.347333	-13.7511	0.512976	0	0	0	-1.4469	-0.000242261	-0.000242261	-0.000242261	-299859
6.6	5722.17	11239.9	665.958	4.86151	3.29203	0	11.0824	19.3468	3.66206	45.394	12.3419	4.11395	181.068	8.75071	13.7891	0.187698	-13.7649	0.794444	0	0	0	-0.781237	-0.000620371	-0.000620371	-0.000620371	-539335
6.9	5856.09	11465.5	675.731	4.87737	3.28782	0	11.3417	19.6308	3.73557	45.5422	12.3017	4.10057	189.806	8.77927	13.8518	0.530026	-13.8048	1.00975	0	0	0	-2.19876	-0.000504138	-0.000504138	-0.000504138	-261825
7.2	5921.2	11550.4	681.666	4.89536	3.24254	0	11.4678	19.8032	3.76323	45.7102	12.2565	4.0855	198.571	8.81165	14.097	0.58327	-14.069	0.669055	0	0	0	-2.37399	0.000127704	0.000127704	0.000127704	-76939.6
7.5	5999.05	11654.2	688.6	4.91555	3.21117	0	11.6186	20.0046	3.79705	45.8986	12.2062	4.06872	207.366	8.84798	14.2934	0.847924	-14.2675	0.143597	0	0	0	-3.40111	0.000470911	0.000470911	0.000470911	400972
7.8	6107.84	11811.2	697.831	4.93815	3.26012	0	11.8293	20.2728	3.84821	46.1097	12.1503	4.0501	216.196	8.88867	14.1435	0.852219	-14.1178	-0.026242	0	0	0	-3.45446	-0.000117997	-0.000117997	-0.000117997	-419462
8.1	6175.2	11881	702.538	4.96329	3.28482	0	11.9598	20.4095	3.87094	46.3444	12.0888	4.02959	225.064	8.93392	14.1087	1.00909	-14.0725	0.0463378	0	0	0	-4.10146	-0.000908783	-0.000908783	-0.000908783	-350919
8.4	6254.76	11967.1	707.574	4.99105	3.31869	0	12.1139	20.5558	3.899	46.6037	12.0215	4.00717	233.976	8.98389	14.0428	0.905138	-14.0094	-0.344177	0	0	0	-3.69671	-9.15212e-05	-9.15212e-05	-9.15212e-05	-167117
8.7	6400.98	12172	718.607	5.02177	3.31507	0	12.397	20.8763	3.96575	46.8905	11.948	3.98266	242.935	9.03918	14.1446	0.82643	-14.1201	-0.103825	0	0	0	-3.34962	-6.03045e-05	-6.03045e-05	-6.03045e-05	-120398
9	6616.68	12497.1	735.537	5.05595	3.31864	0	12.8148	21.3682	4.07167	47.2096	11.8672	3.95574	251.946	9.10071	14.2256	1.08007	-14.1799	0.365049	0	0	0	-4.35576	-6.89128e-05	-6.89128e-05	-6.89128e-05	128783
9.3	6669.11	12503.3	738.106	5.09347	3.35846	0	12.9163	21.4428	4.0737	47.56	11.7798	3.9266	261.016	9.16824	14.1612	1.20907	-14.1095	-0.0208024	0	0	0	-4.89781	0.00171548	0.00171548	0.00171548	672402
9.6	6752.65	12559.7	742.965	5.13413	3.39767	0	13.0781	21.584	4.09206	47.9396	11.6865	3.8955	270.151	9.24143	14.1095	0.860988	-14.0831	-0.0618047	0	0	0	-3.49849	0.00318481	0.00318481	0.00318481	1.09099e+06
9.9	6905.71	12734.7	754.02	5.17836	3.43276	0	13.3746	21.9051	4.14907	48.3526	11.5867	3.86223	279.355	9.32105	14.0857	1.02736	-14.0474	0.147645	0	0	0	-4.1829	0.00424342	0.00424342	0.00424342	1.27206e+06
10.2	7039.75	12862.5	764.037	5.22643	3.48031	0	13.6342	22.1961	4.19071	48.8014	11.4801	3.82671	288.637	9.40757	14.0222	1.09394	-13.9739	0.393918	0	0	0	-4.47623	0.00416419	0.00416419	0.00416419	992753
10.5	7229.84	13079.2	777.84	5.27862	3.52174	0	14.0023	22.5971	4.26131	49.2888	11.3666	3.78887	298.001	9.50152	13.9956	1.12654	-13.9438	0.420088	0	0	0	-4.61896	0.003256	0.003256	0.003256	823328
10.8	7477.11	13382.3	798.3	5.33551	3.58484	0	14.4812	23.1915	4.36006	49.82	11.2454	3.74847	307.455	9.60391	13.8974	1.26843	-13.8182	0.76623	0	0	0	-5.2447	0.00316156	0.00316156	0.00316156	745361
11.1	7765.07	13737.7	820.536	5.39763	3.55807	0	15.0389	23.8375	4.47587	50.4001	11.116	3.70533	317.008	9.71574	14.165	1.56113	-14.0614	0.697556	0	0	0	-6.33516	0.000803683	0.000803683	0.000803683	89938.9
11.4	8022.27	14017.2	835.66	5.46521	3.54375	0	15.5371	24.2769	4.56694	51.0311	10.9785	3.65951	326.668	9.83737	14.4003	1.6363	-14.284	0.81153	0	0	0	-6.53502	2.2443e-05	2.2443e-05	2.2443e-05	281001
11.7	8345.54	14389	859.122	5.53855	3.51178	0	16.1632	24.9584	4.68806	51.7159	10.8332	3.61105	336.445	9.9694	14.7264	1.75741	-14.5892	0.966137	0	0	0	-6.86871	2.11039e-05	2.11039e-05	2.11039e-05	-328254
12	8753.31	14877.1	886.771	5.61855	3.56368	0	16.9529	25.7617	4.84711	52.4629	10.6789	3.55964	346.348	10.1134	14.7216	1.38121	-14.6434	0.622212	0	0	0	-5.38839	-0.00158823	-0.00158823	-0.00158823	-164299
12.3	9157.3	15326	921.115	5.70571	3.64245	0	17.7353	26.7594	4.99336	53.2767	10.5158	3.50526	356.389	10.2703	14.6266	1.61728	-14.5306	0.428326	0	0	0	-6.35097	0.00252929	0.00252929	0.00252929	387780
12.6	9713.1	15989.3	960.508	5.80097	3.62908	0	18.8118	27.9038	5.20946	54.1662	10.3431	3.4477	6.58122	10.4417	14.9256	1.6965	-14.8257	0.30657	0	0	0	-6.52795	0.0042921	0.0042921	0.0042921	413594
12.9	10115.5	16361.1	990.804	5.90401	3.66583	0	19.5912	28.784	5.3306	55.1283	10.1626	3.38753	16.9372	10.6272	15.0384	1.47051	-14.9643	-0.250309	0	0	0	-5.6123	0.00143435	0.00143435	0.00143435	257208
13.2	10536.9	16732.6	1021.97	6.01342	3.6913	0	20.4073	29.6895	5.45165	56.15	9.97768	3.32589	27.4717	10.8242	15.2114	0.9617	-15.1796	-0.209387	0	0	0	-3.62512	0.00521614	0.00521614	0.00521614	666047
13.5	11073	17251.1	1059.97	6.12939	3.72096	0	21.4455	30.7934	5.62059	57.2329	9.7889	3.26297	38.1974	11.0329	15.3812	1.17711	-15.3343	0.232376	0	0	0	-4.38957	0.0111973	0.0111973	0.0111973	1.46786e+06
13.8	11571.3	17673.8	1090.13	6.2521	3.71556	0	22.4107	31.6695	5.75829	58.3786	9.59678	3.19893	49.1259	11.2538	15.7119	0.710844	-15.6951	0.148815	0	0	0	-2.59319	0.0112628	0.0112628	0.0112628	1.37738e+06
14.1	12004.3	17965.6	1128.77	6.38068	3.73101	0	23.2492	32.792	5.85335	59.5793	9.40338	3.13446	60.2693	11.4852	15.9687	0.139735	-15.9681	0.000811576	0	0	0	-0.501379	0.00821076	0.00821076	0.00821076	1.16389e+06
14.4	12852.2	18832.2	1186.49	6.51703	3.75817	0	24.8915	34.4688	6.1357	60.8524	9.20665	3.06888	71.6388	11.7307	16.192	-0.295465	-16.1893	0.0198068	0	0	0	1.04557	0.00199486	0.00199486	0.00199486	188127
14.7	13472.7	19312.4	1228.4	6.66174	3.83819	0	26.0931	35.6863	6.29217	62.2036	9.00665	3.00222	83.2467	11.9911	16.2065	-0.737093	-16.182	-0.501496	0	0	0	2.60804	-0.0026632	-0.0026632	-0.0026632	-101061
15	14349.3	20107.4	1301.6	6.81471	3.98256	0	27.7909	37.813	6.55117	63.632	8.80448	2.93483	95.1076	12.2665	15.9776	-0.617444	-15.9454	-0.805207	0	0	0	2.21752	-0.0032138	-0.0032138	-0.0032138	-548896
15.3	15610	21357.5	1365.33	6.97949	4.1322	0	30.2325	39.6643	6.95847	65.1706	8.59662	2.86554	107.236	12.5631	15.7714	-0.964109	-15.7105	-0.993811	0	0	0	3.51167	-0.00550306	-0.00550306	-0.00550306	-850673
15.6	16232	21668	1432.84	7.15359	4.20048	0	31.4371	41.6256	7.05963	66.7962	8.3874	2.7958	119.651	12.8765	15.902	-1.39786	-15.8161	-0.87851	0	0	0	5.05078	-0.00725946	-0.00725946	-0.00725946	-1.20745e+06
15.9	16600	21623.5	1495.1	7.33087	4.27606	0	32.15	43.4343	7.04513	68.4515	8.18457	2.72819	132.371	13.1956	16.0081	-1.53547	-15.93	-0.369996	0	0	0	5.50565	-0.0143404	-0.0143404	-0.0143404	-2.10796e+06
16.2	17328.8	22028.9	1569.43	7.51184	4.28842	0	33.5614	45.5936	7.17723	70.1414	7.98739	2.66246	145.407	13.5213	16.356	-1.93192	-16.2414	-0.0629018	0	0	0	6.7835	-0.00827737	-0.00827737	-0.00827737	-652856
16.5	18867.7	23389.4	1659	7.70318	4.4823	0	36.5418	48.1959	7.62049	71.928	7.78899	2.59633	158.765	13.8657	16.0471	-1.87134	-15.9355	-0.264208	0	0	0	6.6977	0.00889543	0.00889543	0.00889543	647896
16.8	18666	22567.5	1684.32	7.89839	4.62119	0	36.1512	48.9315	7.35271	73.7507	7.59649	2.53216	172.459	14.2171	15.9592	-1.64602	-15.8723	0.239539	0	0	0	5.92062	0.0122335	0.0122335	0.0122335	1.53495e+06
17.1	19925	23497.3	1779.89	8.09755	4.78609	0	38.5897	51.7079	7.65563	75.6104	7.40965	2.46988	186.5	14.5756	15.798	-1.51804	-15.7223	0.282156	0	0	0	5.51501	0.0102176	0.0102176	0.0102176	937175
17.4	21826.2	25069.1	1875.9	8.31401	4.93466	0	42.2718	54.497	8.16776	77.6316	7.21673	2.40558	200.897	14.9652	15.7319	-1.25187	-15.682	-0.0333216	0	0	0	4.56416	0.000495699	0.000495699	0.000495699	490969
17.7	22075.4	24684.8	1919.69	8.53988	5.11328	0	42.7544	55.7693	8.04253	79.7406	7.02586	2.34195	215.667	15.3718	15.5948	-0.928719	-15.5584	-0.520088	0	0	0	3.41607	0.00418389	0.00418389	0.00418389	1.06406e+06
18	22453.5	24464.9	1992.63	8.7642	5.20644	0	43.4866	57.888	7.97088	81.8352	6.84603	2.28201	230.836	15.7756	15.7181	-0.824752	-15.6799	-0.721019	0	0	0	3.01095	-0.00687666	-0.00687666	-0.00687666	-1.16959e+06
18.3	22436.2	23842.9	2044.32	8.98588	5.32435	0	43.4531	59.3898	7.76825	83.9051	6.67714	2.22571	246.409	16.1746	15.7588	-0.968739	-15.7221	-0.464056	0	0	0	3.5259	-0.0397435	-0.0397435	-0.0397435	-3.06295e+06
18.6	24009.4	24887.5	2157.21	9.21239	5.52615	0	46.5001	62.6693	8.10858	86.0202	6.51296	2.17099	262.384	16.5823	15.566	-0.980875	-15.5315	-0.332439	0	0	0	3.61365	-0.036795	-0.036795	-0.036795	-3.89958e+06
18.9	25436.1	25698.7	2262.81	9.45171	5.70023	0	49.2631	65.7372	8.37288	88.2548	6.34806	2.11602	278.763	17.0131	15.4827	-0.966554	-15.4513	-0.188395	0	0	0	3.57946	-0.00036027	-0.00036027	-0.00036027	-629800
19.2	26560.3	26148.5	2358.51	9.69968	5.86663	0	51.4404	68.5173	8.51942	90.5702	6.18577	2.06192	295.56	17.4594	15.4382	-1.2101	-15.3905	0.0833769	0	0	0	4.49571	0.0385184	0.0385184	0.0385184	2.34917e+06
19.5	27639.8	26518.4	2436.35	9.95314	5.97616	0	53.5312	70.7786	8.63994	92.9368	6.02825	2.00942	312.797	17.9156	15.5512	-1.2167	-15.5032	-0.114107	0	0	0	4.4874	0.0271303	0.0271303	0.0271303	2.12049e+06
19.8	27563.7	25796.7	2485.52	10.2034	6.05234	0	53.3838	72.2071	8.40481	95.2737	5.88039	1.96013	330.484	18.3661	15.7416	-1.31801	-15.6805	-0.427195	0	0	0	4.80463	0.00631012	0.00631012	0.00631012	2.20704e+06
20.1	26056.8	23862.7	2495.85	10.4274	6.21257	0	50.4654	72.5071	7.77468	97.3648	5.7541	1.91803	348.625	18.7692	15.6722	-0.977193	-15.641	-0.151705	0	0	0	3.57498	0.0244367	0.0244367	0.0244367	1.60303e+06
20.4	27355.7	24569.2	2571.6	10.6323	6.37001	0	52.981	74.7078	8.00488	99.2789	5.64316	1.88105	7.1929	19.1382	15.5854	-0.917522	-15.5557	-0.285863	0	0	0	3.37557	-0.0263442	-0.0263442	-0.0263442	-3.24637e+06
20.7	24550.3	21663.6	2317.96	10.8217	6.5687	1.92033	47.5475	67.3394	7.0582	101.047	5.54439	1.84813	26.1466	19.4791	15.3832	-1.07599	-15.3391	-0.441832	0	0	0	4.01255	-0.0795852	-0.0795852	-0.0795852	-5.67925e+06
21	22627.8	19676.5	2071.32	10.9816	6.66185	3.89006	43.8242	60.1742	6.4108	102.54	5.46368	1.82123	45.4553	19.7669	15.3921	-0.81656	-15.3571	-0.640126	0	0	0	3.04363	0.00114959	0.00114959	0.00114959	-291137
21.3	19428.5	16704.5	1767.62	11.1065	6.6426	5.51708	37.628	51.3512	5.44248	103.706	5.40224	1.80075	65.0783	19.9917	15.6123	-0.148286	-15.5836	-0.934712	0	0	0	0.545181	0.0514525	0.0514525	0.0514525	2.94906e+06
21.6	14951.1	12764.4	1408.99	11.1852	6.67413	6.97419	28.9564	40.9328	4.15876	104.441	5.36422	1.78807	84.9575	20.1334	15.6487	0.292182	-15.6324	-0.651093	0	0	0	-1.07078	0.0488471	0.0488471	0.0488471	5.36276e+06
21.9	11929.8	10157	1140.79	11.216	6.65528	8.24996	23.1049	33.1412	3.30924	104.729	5.3495	1.78317	105.02	20.1888	15.7362	0.74735	-15.7118	-0.457635	0	0	0	-2.72329	0.0542139	0.0542139	0.0542139	2.15536e+06
22.2	10212.4	8693.62	966.706	11.2175	6.53463	9.34554	19.7787	28.0839	2.83246	104.743	5.34877	1.78292	125.181	20.1916	16.0289	1.17721	-15.9818	-0.349517	0	0	0	-4.21276	-0.0211018	-0.0211018	-0.0211018	-1.9105e+06
22.5	9040.68	7706.76	846.569	11.2021	6.61025	10.2587	17.5095	24.5938	2.51094	104.599	5.35613	1.78538	145.371	20.1638	15.8238	0.996427	-15.7712	-0.816634	0	0	0	-3.61514	-0.0752144	-0.0752144	-0.0752144	-5.62551e+06
22.8	7984.19	6824.41	746.74	11.1722	6.67117	11.0307	15.4633	21.6936	2.22346	104.319	5.37049	1.79016	165.549	20.1099	15.6374	1.39333	-15.5645	-0.576646	0	0	0	-5.11547	-0.0230252	-0.0230252	-0.0230252	-1.00217e+06
23.1	4655.13	4000.67	498.828	11.1115	6.81453	11.6908	9.01579	14.4915	1.30345	103.753	5.39983	1.79994	185.686	20.0006	15.2252	1.1309	-15.1763	-0.455611	0	0	0	-4.26164	-0.000248946	-0.000248946	-0.000248946	-729263
23.4	1564.51	1357.52	257.727	11.0054	6.78899	12.2569	3.03005	7.48727	0.442292	102.762	5.45189	1.8173	205.741	19.8096	15.1365	1.06109	-15.092	-0.468925	0	0	0	-4.02172	0.0186474	0.0186474	0.0186474	2.862e+06
23.7	560.168	492.098	175.921	10.8702	6.72	12.7049	1.0849	5.1107	0.16033	101.5	5.51967	1.83989	225.646	19.5664	15.1042	0.645252	-15.0902	-0.0638868	0	0	0	-2.44845	0.043754	0.043754	0.043754	929342
24	-617.115	-549.889	79.3039	10.7167	6.70158	13.0043	-1.19519	2.30387	-0.179159	100.067	5.59872	1.86624	245.334	19.2901	14.9318	0.0328301	-14.9294	-0.267461	0	0	0	-0.125995	-0.000744758	-0.000744758	-0.000744758	969814
24.3	-185.731	-168.024	109.304	10.5556	6.65344	13.1699	-0.359713	3.17541	-0.0547439	98.5626	5.68417	1.89472	264.762	19.0001	14.8138	-0.450619	-14.8055	-0.20402	0	0	0	1.74331	-0.0250931	-0.0250931	-0.0250931	-2.44351e+06
24.6	940.769	863.492	186.414	10.4039	6.72436	13.209	1.82203	5.41553	0.281334	97.1458	5.76707	1.92236	283.908	18.727	14.4468	-0.732097	-14.4247	0.320265	0	0	0	2.90544	0.00221884	0.00221884	0.00221884	960632
24.9	1459.94	1358.56	230.228	10.2619	6.7663	13.1426	2.82753	6.68838	0.442633	95.8197	5.84688	1.94896	302.771	18.4714	14.1613	-0.560733	-14.1455	0.36381	0	0	0	2.27003	0.0107208	0.0107208	0.0107208	679033
25.2	1503.05	1418.07	234.137	10.1215	6.73396	13.0054	2.91101	6.80195	0.462021	94.5091	5.92796	1.97599	321.37	18.2187	14.0347	-0.338888	-14.0278	0.283288	0	0	0	1.38391	0.00700645	0.00700645	0.00700645	965758
25.5	3253.69	3109.01	365.024	9.99368	6.55876	12.8099	6.30155	10.6044	1.01294	93.3154	6.0038	2.00127	339.715	17.9886	14.2276	-0.488364	-14.2139	0.388894	0	0	0	1.96781	-0.00587249	-0.00587249	-0.00587249	-1.16494e+06
25.8	4421.94	4270.61	457.251	9.88767	6.50989	12.5537	8.56416	13.2836	1.39141	92.3256	6.06816	2.02272	357.819	17.7978	14.1824	-0.332913	-14.1669	0.571559	0	0	0	1.34616	-0.0130033	-0.0130033	-0.0130033	-387036
26.1	6495.39	6324.97	597.92	9.8066	6.38936	12.2607	12.5799	17.3702	2.06074	91.5685	6.11833	2.03944	15.7123	17.6519	14.3314	-0.226227	-14.3257	0.336999	0	0	0	0.904725	-0.0467013	-0.0467013	-0.0467013	-4.55228e+06
26.4	8097.86	7926.36	710.969	9.75591	6.37266	11.955	15.6835	20.6544	2.58248	91.0952	6.15012	2.05004	33.4371	17.5606	14.2947	-0.147025	-14.2608	0.972748	0	0	0	0.590682	-0.0281569	-0.0281569	-0.0281569	726633
26.7	9369.27	9198	797.297	9.72711	6.38148	11.6597	18.1459	23.1624	2.99679	90.8263	6.16833	2.05611	51.0434	17.5088	14.2328	-0.409736	-14.205	0.789369	0	0	0	1.65221	0.0416237	0.0416237	0.0416237	1.39724e+06
27	9082.39	8936.41	792.986	9.70529	6.45309	11.4042	17.5902	23.0371	2.91157	90.6225	6.1822	2.06073	68.5781	17.4695	14.0433	-0.593801	-14.0069	0.817938	0	0	0	2.42752	0.0150562	0.0150562	0.0150562	2.40051e+06
27.3	9470.4	9338.3	825.892	9.68438	6.47746	11.1916	18.3417	23.9931	3.04251	90.4274	6.19554	2.06518	86.0673	17.4319	13.9603	-0.301381	-13.9346	0.790766	0	0	0	1.23901	0.0242645	0.0242645	0.0242645	2.77418e+06
27.6	9941.78	9818.2	865.067	9.66949	6.44145	11.0056	19.2547	25.1312	3.19886	90.2883	6.20508	2.06836	103.518	17.4051	14.0168	-0.526472	-13.9883	0.722165	0	0	0	2.15541	-0.00673015	-0.00673015	-0.00673015	-1.72528e+06
27.9	9191.52	9093.51	818.397	9.65222	6.39178	10.8328	17.8016	23.7754	2.96275	90.127	6.21619	2.07206	120.936	17.374	14.1004	-0.468254	-14.0906	0.239669	0	0	0	1.90333	-0.0965343	-0.0965343	-0.0965343	-4.19001e+06
28.2	10392.5	10295.1	893.271	9.6396	6.39797	10.6771	20.1275	25.9505	3.35424	90.0092	6.22432	2.07477	138.326	17.3513	14.0684	-0.434685	-14.0614	0.0855523	0	0	0	1.77064	-0.0601393	-0.0601393	-0.0601393	-3.22022e+06
28.5	12122.5	11994.4	997.731	9.65134	6.42379	10.519	23.4782	28.9852	3.90788	90.1188	6.21675	2.07225	155.688	17.3724	14.0289	-0.660746	-14.0121	0.184852	0	0	0	2.6998	-0.0298723	-0.0298723	-0.0298723	-1.32995e+06
28.8	12190.7	12028.4	1004.2	9.6782	6.4365	10.3703	23.6103	29.1731	3.91896	90.3696	6.1995	2.0665	173.05	17.4208	14.0402	-0.366977	-14.0241	0.563627	0	0	0	1.49895	-0.0458314	-0.0458314	-0.0458314	-1.60657e+06
29.1	11236.9	11066.2	969.672	9.69659	6.74294	10.2725	21.763	28.1701	3.60547	90.5414	6.18774	2.06258	190.447	17.4539	13.4276	-0.0955907	-13.4205	0.425986	0	0	0	0.408097	0.0138643	0.0138643	0.0138643	2.02552e+06
29.4	11081.1	10904.3	960.342	9.70406	6.75612	10.2239	21.4612	27.899	3.55274	90.6111	6.18298	2.06099	207.884	17.4673	13.4117	0.00767779	-13.4092	0.259533	0	0	0	-0.0328062	0.0152358	0.0152358	0.0152358	894943
29.7	10783.2	10606.3	941.894	9.7086	6.8226	10.1871	20.8843	27.3631	3.45562	90.6535	6.18008	2.06003	225.345	17.4755	13.2872	-0.0116269	-13.2691	0.694496	0	0	0	0.0502051	-0.0872723	-0.0872723	-0.0872723	-3.96246e+06
30	11079.6	10891.2	954.675	9.71445	6.61781	10.1463	21.4583	27.7344	3.54846	90.7081	6.17636	2.05879	242.816	17.486	13.7067	0.0420857	-13.6883	0.708208	0	0	0	-0.17616	-0.092565	-0.092565	-0.092565	-3.44811e+06
30.3	12562.3	12323.2	1037.98	9.73454	6.5426	10.1032	24.3299	30.1544	4.01503	90.8957	6.16362	2.05454	260.297	17.5222	13.8929	0.458119	-13.8604	0.83233	0	0	0	-1.89307	-0.052808	-0.052808	-0.052808	-1.9483e+06
30.6	14134.5	13799.5	1129.93	9.78114	6.7046	10.0625	27.3749	32.8257	4.49601	91.3309	6.13425	2.04475	277.801	17.6061	13.6221	0.680656	-13.5935	0.561543	0	0	0	-2.86653	-0.0527453	-0.0527453	-0.0527453	-1.03435e+06
30.9	14390.9	13962.6	1139.27	9.84224	6.72049	10.0547	27.8715	33.0971	4.54914	91.9013	6.09617	2.03206	295.365	17.716	13.6748	1.13511	-13.6146	0.594168	0	0	0	-4.76597	-0.00402538	-0.00402538	-0.00402538	890063
31.2	12103.5	11694.6	1014.58	9.88316	6.875	10.1183	23.4413	29.4746	3.81021	92.2835	6.07093	2.02364	313.026	17.7897	13.423	1.00277	-13.3777	0.45746	0	0	0	-4.28678	-0.0141759	-0.0141759	-0.0141759	-835690
31.5	10356.9	9998.62	912.384	9.89151	6.87913	10.2486	20.0587	26.5058	3.25764	92.3614	6.06581	2.02194	330.779	17.8047	13.4263	0.869818	-13.3961	0.234625	0	0	0	-3.71505	-0.0415224	-0.0415224	-0.0415224	-671806
31.8	9632.65	9311.44	853.917	9.87871	6.86673	10.3807	18.656	24.8072	3.03375	92.2419	6.07367	2.02456	348.576	17.7817	13.4332	0.687791	-13.4135	0.236812	0	0	0	-2.93534	-0.055018	-0.055018	-0.055018	-2.70341e+06
32.1	9521.35	9221.17	844.566	9.86016	6.81699	10.4687	18.4404	24.5356	3.00434	92.0687	6.08509	2.02836	6.36959	17.7483	13.5058	1.0946	-13.451	0.528098	0	0	0	-4.65232	-0.130641	-0.130641	-0.130641	-4.57488e+06
32.4	12609.4	12200	1017.38	9.86982	6.72954	10.5046	24.4212	29.5561	3.97486	92.1588	6.07914	2.02638	24.1346	17.7657	13.6947	1.00546	-13.6523	0.384292	0	0	0	-4.2121	-0.067185	-0.067185	-0.067185	-493727
32.7	12794.4	12337	1032.46	9.90333	6.66912	10.5031	24.7795	29.9943	4.01952	92.4717	6.05857	2.01952	41.8917	17.826	13.8657	0.801475	-13.8401	0.259063	0	0	0	-3.31429	-0.0134203	-0.0134203	-0.0134203	-1.24629e+06
33	11957	11496.3	987.102	9.93204	6.66168	10.5375	23.1577	28.6764	3.74559	92.7399	6.04105	2.01368	59.6875	17.8777	13.9214	0.856593	-13.8916	0.307544	0	0	0	-3.52854	-0.0618527	-0.0618527	-0.0618527	-1.41279e+06
33.3	9391.29	9030.2	841.902	9.93114	6.7872	10.623	18.1885	24.4582	2.94212	92.7315	6.0416	2.01387	77.5393	17.8761	13.6627	0.591489	-13.6487	0.179867	0	0	0	-2.48146	-0.0154541	-0.0154541	-0.0154541	-945343
33.6	8704.62	8393.78	784.028	9.90294	6.86873	10.7254	16.8586	22.7769	2.73477	92.4681	6.05881	2.0196	95.4162	17.8253	13.4622	0.252766	-13.452	0.459122	0	0	0	-1.07647	0.00281874	0.00281874	0.00281874	2.17449e+06
33.9	9350.35	9040.9	804.899	9.87615	6.90316	10.7872	18.1092	23.3832	2.94561	92.218	6.07524	2.02508	113.267	17.7771	13.3588	0.124507	-13.3301	0.866581	0	0	0	-0.535142	-0.0480346	-0.0480346	-0.0480346	651758
34.2	10979.6	10624.1	900.229	9.86883	7.02677	10.7869	21.2646	26.1527	3.46143	92.1496	6.07975	2.02658	131.068	17.7639	13.1141	0.210548	-13.0421	1.35563	0	0	0	-0.924884	-0.129615	-0.129615	-0.129615	-5.90776e+06
34.5	11709.4	11314.1	957.821	9.88295	6.97802	10.7603	22.678	27.8258	3.68623	92.2814	6.07106	2.02369	148.839	17.7893	13.2246	0.180818	-13.1916	0.916391	0	0	0	-0.78531	-0.0884583	-0.0884583	-0.0884583	5255.55
34.8	11781.7	11363.7	965.666	9.90058	6.99801	10.7472	22.8181	28.0537	3.7024	92.4461	6.06025	2.02008	166.615	17.821	13.2103	0.375501	-13.1571	1.12318	0	0	0	-1.63476	-0.00659774	-0.00659774	-0.00659774	-1.22047e+06
35.1	10538.3	10156.1	902.08	9.90866	6.84825	10.774	20.4101	26.2065	3.30897	92.5216	6.05531	2.01844	184.42	17.8356	13.5103	0.285809	-13.4637	1.08356	0	0	0	-1.2161	-0.043424	-0.043424	-0.043424	-285251
35.4	9656.22	9314.35	847.722	9.89979	6.86891	10.823	18.7016	24.6273	3.0347	92.4387	6.06073	2.02024	202.249	17.8196	13.4575	0.325644	-13.4274	0.839428	0	0	0	-1.38928	0.043102	0.043102	0.043102	4.70029e+06
35.7	8892.7	8599.72	786.663	9.87462	6.70672	10.8707	17.2229	22.8534	2.80187	92.2037	6.07618	2.02539	220.076	17.7743	13.748	0.10106	-13.733	0.632879	0	0	0	-0.421627	0.0368899	0.0368899	0.0368899	2.4472e+06
36	9726.02	9425.37	821.068	9.8539	6.50775	10.8895	18.8368	23.8529	3.07088	92.0102	6.08896	2.02965	237.873	17.737	14.1386	-0.114206	-14.1291	0.504706	0	0	0	0.463115	-0.061291	-0.061291	-0.061291	2.42462e+06
36.3	10522.2	10205.3	885.13	9.84583	6.59483	10.8656	20.3787	25.714	3.32497	91.9349	6.09395	2.03132	255.629	17.7225	13.9404	0.122127	-13.936	0.331894	0	0	0	-0.502097	-0.0439995	-0.0439995	-0.0439995	-2.60192e+06
36.6	11354.8	11006.2	927.875	9.85175	6.63385	10.8291	21.9914	26.9558	3.58594	91.9902	6.09029	2.0301	273.359	17.7332	13.8668	-0.0190564	-13.8648	0.232386	0	0	0	0.0787496	-0.0396247	-0.0396247	-0.0396247	1.74569e+06
36.9	11646.5	11272.1	954.675	9.86647	6.61757	10.8008	22.5563	27.7344	3.67257	92.1275	6.08121	2.02707	291.087	17.7596	13.9216	0.424943	-13.9067	0.484279	0	0	0	-1.75022	-0.0458529	-0.0458529	-0.0458529	-3.14634e+06
37.2	10571.3	10223	898.665	9.87467	6.50975	10.7986	20.4739	26.1072	3.33074	92.2041	6.07615	2.02538	308.833	17.7744	14.164	0.475064	-14.1502	0.405735	0	0	0	-1.92286	0.0309761	0.0309761	0.0309761	5.0718e+06
37.5	9929.27	9609.98	848.065	9.86657	6.50555	10.8241	19.2304	24.6372	3.13102	92.1285	6.08114	2.02705	326.6	17.7598	14.1615	0.485186	-14.1467	0.429541	0	0	0	-1.96429	0.0798268	0.0798268	0.0798268	5.53929e+06
37.8	9445.26	9157.19	806.894	9.8497	6.47989	10.8514	18.293	23.4412	2.9835	91.971	6.09156	2.03052	344.367	17.7295	14.1933	0.0499406	-14.1858	0.459002	0	0	0	-0.201707	-0.056583	-0.056583	-0.056583	425160
38.1	11238.6	10898.2	923.961	9.84755	6.50515	10.8534	21.7662	26.8421	3.55074	91.9509	6.09289	2.03096	2.11218	17.7256	14.1351	0.143978	-14.1309	0.311324	0	0	0	-0.583759	-0.0577697	-0.0577697	-0.0577697	1.74811e+06
38.4	11548.4	11185.1	947.537	9.85952	6.51035	10.8305	22.3663	27.527	3.6442	92.0627	6.08549	2.0285	19.8398	17.7471	14.141	-0.295222	-14.1358	0.245701	0	0	0	1.19644	0.0263967	0.0263967	0.0263967	1.29017e+06
38.7	10850.5	10499.7	907.483	9.86839	6.4262	10.8235	21.0146	26.3634	3.42089	92.1455	6.08002	2.02667	37.5761	17.7631	14.339	-0.633056	-14.3242	-0.155614	0	0	0	2.53053	-0.0423406	-0.0423406	-0.0423406	598222
39	9623.87	9318.7	834.89	9.86201	6.24079	10.8425	18.6389	24.2545	3.03612	92.086	6.08395	2.02798	55.3312	17.7516	14.7555	-0.384892	-14.7504	-0.0396775	0	0	0	1.49471	-0.010474	-0.010474	-0.010474	1.41316e+06
39.3	10802.2	10467.3	897.87	9.85475	6.19974	10.867	20.921	26.0841	3.41036	92.0182	6.08843	2.02948	73.0886	17.7386	14.8423	-0.543675	-14.8307	0.215614	0	0	0	2.09945	0.0931147	0.0931147	0.0931147	7.57465e+06
39.6	10404.4	10083.7	879.198	9.85299	6.16792	10.8689	20.1506	25.5417	3.28536	92.0017	6.08952	2.02984	90.8337	17.7354	14.9162	-0.140379	-14.9147	0.15299	0	0	0	0.539259	0.0233033	0.0233033	0.0233033	2.98763e+06
39.9	11303.4	10949.7	912.4	9.85778	6.3306	10.8648	21.8917	26.5062	3.5675	92.0464	6.08657	2.02886	108.571	17.744	14.5399	-0.322151	-14.5357	0.13855	0	0	0	1.26962	-0.0966351	-0.0966351	-0.0966351	-1.12449e+06
40.2	12167.9	11763.8	987.763	9.87737	6.18422	10.8633	23.5661	28.6956	3.83274	92.2294	6.07449	2.02483	126.31	17.7793	14.9137	-0.252887	-14.9106	-0.163235	0	0	0	0.971655	-0.0629829	-0.0629829	-0.0629829	-1.01837e+06
40.5	10469.4	10111.6	892.686	9.88719	6.23083	10.8744	20.2766	25.9335	3.29447	92.3211	6.06846	2.02282	144.072	17.7969	14.8168	-0.617285	-14.7935	-0.555072	0	0	0	2.38937	-0.016162	-0.016162	-0.016162	-294508
40.8	10485.5	10130	890.703	9.88446	6.19903	10.9214	20.3077	25.8759	3.30044	92.2955	6.07014	2.02338	161.86	17.792	14.8887	-0.540476	-14.8656	-0.629905	0	0	0	2.08222	-0.0103708	-0.0103708	-0.0103708	2.46488e+06
41.1	9967.73	9636.71	849.93	9.87731	5.95829	10.9623	19.3049	24.6914	3.13973	92.2288	6.07453	2.02484	179.655	17.7792	15.4791	-0.528173	-15.46	-0.558157	0	0	0	1.95668	0.0535552	0.0535552	0.0535552	5.1635e+06
41.4	10435.8	10097.4	865.816	9.86932	6.02147	10.9873	20.2114	25.1529	3.28982	92.1542	6.07944	2.02648	197.44	17.7648	15.3043	-0.901576	-15.2673	-0.562641	0	0	0	3.37954	0.0586323	0.0586323	0.0586323	6.03741e+06
41.7	10312.5	9982.59	857.246	9.8649	6.03929	10.9976	19.9727	24.904	3.25242	92.1129	6.08217	2.02739	215.212	17.7568	15.2523	-1.34233	-15.1825	-0.567004	0	0	0	5.05257	-0.0178812	-0.0178812	-0.0178812	2.07651e+06
42	10800.4	10455.8	898.177	9.86402	6.07592	10.9973	20.9175	26.093	3.40659	92.1047	6.08271	2.02757	232.973	17.7552	15.159	-1.1929	-15.1058	-0.432361	0	0	0	4.51525	-0.0697317	-0.0697317	-0.0697317	-1.79514e+06
42.3	11730.1	11343.1	947.693	9.87509	6.14732	10.9967	22.7181	27.5315	3.69568	92.2081	6.07589	2.0253	250.729	17.7752	14.9997	-1.32343	-14.9327	-0.506294	0	0	0	5.06471	-0.100485	-0.100485	-0.100485	-3.9607e+06
42.6	10480.8	10126.9	882.86	9.88297	6.20403	10.9997	20.2986	25.6481	3.29945	92.2817	6.07105	2.02368	268.494	17.7893	14.8745	-1.40228	-14.8081	-0.0702431	0	0	0	5.40961	-0.0655704	-0.0655704	-0.0655704	-643549
42.9	9461.82	9153.55	827.058	9.8709	6.26997	11.0286	18.3251	24.027	2.98231	92.1689	6.07848	2.02616	286.277	17.7676	14.7	-1.186	-14.6521	0.00827273	0	0	0	4.62767	0.0263045	0.0263045	0.0263045	3.11975e+06
43.2	10562.1	10228.9	874.122	9.86039	6.22867	11.059	20.4561	25.3942	3.33267	92.0708	6.08495	2.02832	304.055	17.7487	14.7818	-1.07795	-14.7409	0.215505	0	0	0	4.18242	0.062483	0.062483	0.062483	6.42947e+06
43.5	10379.5	10054.8	875.205	9.85767	6.21047	11.0562	20.1024	25.4257	3.27594	92.0454	6.08663	2.02888	321.813	17.7438	14.821	-0.790238	-14.7929	0.456665	0	0	0	3.05784	0.0534373	0.0534373	0.0534373	5.07725e+06
43.8	11152.6	10801.3	912.596	9.85987	6.32646	11.0481	21.5998	26.5119	3.51917	92.066	6.08527	2.02842	339.559	17.7478	14.5525	-0.584488	-14.5391	0.223154	0	0	0	2.30212	-7.82729e-05	-7.82729e-05	-7.82729e-05	1.97095e+06
44.1	10459.8	10127.5	867.152	9.86264	6.28875	11.044	20.258	25.1918	3.29964	92.0918	6.08356	2.02785	357.305	17.7528	14.6439	-0.609802	-14.6307	-0.125201	0	0	0	2.38669	-0.0808507	-0.0808507	-0.0808507	-1.76983e+06
44.4	10356.9	10031.4	863.703	9.8592	6.39519	11.049	20.0587	25.0916	3.26832	92.0597	6.08568	2.02856	15.0554	17.7466	14.3951	-0.70753	-14.3775	0.0908226	0	0	0	2.81731	-0.0806647	-0.0806647	-0.0806647	-2.36067e+06
44.7	10558.9	10230.1	880.162	9.85629	6.35689	11.0585	20.4499	25.5697	3.33305	92.0325	6.08749	2.02916	32.8051	17.7413	14.4776	-0.619687	-14.4596	0.368278	0	0	0	2.45398	-0.0150107	-0.0150107	-0.0150107	1.40107e+06
45	9730.91	9436.21	828.202	9.84753	6.32684	11.0588	18.8463	24.0602	3.07441	91.9507	6.0929	2.03097	50.5491	17.7256	14.5334	-0.723744	-14.5146	0.152742	0	0	0	2.85458	0.0414545	0.0414545	0.0414545	4.62797e+06
45.3	10500.1	10190.9	876.293	9.8391	6.38247	11.0589	20.336	25.4573	3.32028	91.872	6.09812	2.03271	68.2825	17.7104	14.3944	-0.931153	-14.3608	0.314035	0	0	0	3.70985	0.0839492	0.0839492	0.0839492	6.74279e+06
45.6	10861.8	10541.5	901.148	9.83949	6.35506	11.0432	21.0365	26.1794	3.43451	91.8756	6.09788	2.03263	86.0005	17.7111	14.4571	-1.07926	-14.4091	0.46966	0	0	0	4.28352	0.0491115	0.0491115	0.0491115	3.8892e+06
45.9	10661.8	10344.5	885.514	9.8422	6.20211	11.0233	20.6491	25.7252	3.37033	91.901	6.0962	2.03207	103.711	17.716	14.8177	-0.698696	-14.801	-0.0735085	0	0	0	2.70269	0.00243892	0.00243892	0.00243892	3.78946e+06
46.2	10605.7	10290.6	879.194	9.84171	6.09699	11.0149	20.5406	25.5416	3.35278	91.8964	6.0965	2.03217	121.425	17.7151	15.0724	-0.823879	-15.0485	-0.20394	0	0	0	3.13371	-0.0231877	-0.0231877	-0.0231877	-282013
46.5	10728.3	10408.5	893.073	9.84262	6.0581	11.0125	20.7779	25.9448	3.3912	91.9049	6.09594	2.03198	139.14	17.7167	15.1706	-0.808152	-15.1475	-0.212074	0	0	0	3.05395	-0.055428	-0.055428	-0.055428	105496
46.8	10271.4	9967.43	874.691	9.8405	5.96046	11.0083	19.893	25.4108	3.24748	91.8851	6.09725	2.03242	156.856	17.7129	15.4158	-0.541514	-15.4053	-0.169637	0	0	0	2.01318	0.00974265	0.00974265	0.00974265	1.73223e+06
47.1	11372.3	11032.5	924.404	9.84341	6.02334	11.0082	22.0251	26.855	3.59448	91.9123	6.09545	2.03182	174.571	17.7181	15.2593	-0.576959	-15.2443	-0.357065	0	0	0	2.16747	0.0549666	0.0549666	0.0549666	5.17266e+06
47.4	10762.6	10433.2	900.884	9.85077	5.93297	11.0022	20.8443	26.1717	3.39923	91.981	6.09089	2.0303	192.287	17.7314	15.5034	-0.322579	-15.4957	-0.367271	0	0	0	1.19258	0.051153	0.051153	0.051153	5.83116e+06
47.7	10464.7	10145.4	886.314	9.84982	5.83496	11.0064	20.2675	25.7484	3.30548	91.9721	6.09148	2.03049	210.011	17.7297	15.7622	-0.293352	-15.7559	-0.338453	0	0	0	1.06664	0.0607926	0.0607926	0.0607926	4.40866e+06
48	11251.6	10904.3	925.036	9.85342	5.90039	11.021	21.7915	26.8733	3.55273	92.0057	6.08926	2.02975	227.742	17.7362	15.5932	-0.606278	-15.5735	-0.494339	0	0	0	2.2294	0.00420904	0.00420904	0.00420904	2.46941e+06
48.3	9289.13	9008.05	805.154	9.84727	5.81823	11.0244	17.9906	23.3906	2.93491	91.9483	6.09306	2.03102	245.475	17.7251	15.8035	-0.492172	-15.7742	-0.826352	0	0	0	1.78711	0.0119417	0.0119417	0.0119417	4.98382e+06
48.6	9588.24	9318.13	830.142	9.82611	5.66065	11.0382	18.5699	24.1166	3.03594	91.7507	6.10618	2.03539	263.205	17.687	16.2085	-0.52023	-16.1466	-1.31677	0	0	0	1.84539	0.0345978	0.0345978	0.0345978	2.33505e+06
48.9	11188.7	10876.6	916.389	9.82326	5.60375	11.0308	21.6696	26.6221	3.54371	91.7241	6.10795	2.03598	280.911	17.6819	16.3683	-0.494999	-16.2893	-1.52902	0	0	0	1.74057	0.0133914	0.0133914	0.0133914	4.07911e+06
49.2	11724	11380.1	955.926	9.83786	5.43029	10.9888	22.7064	27.7707	3.70775	91.8604	6.09889	2.03296	298.596	17.7081	16.9163	-0.591729	-16.861	-1.23262	0	0	0	2.00995	0.0718377	0.0718377	0.0718377	5.91771e+06
49.5	11451.4	11098.1	942.009	9.85322	5.54009	10.9685	22.1783	27.3664	3.61588	92.0039	6.08938	2.02979	316.291	17.7358	16.6069	-0.620933	-16.5563	-1.13686	0	0	0	2.14783	0.089413	0.089413	0.089413	7.20251e+06
49.8	11242.9	10883.1	931.516	9.86505	5.60035	10.9794	21.7746	27.0616	3.5458	92.1143	6.08208	2.02736	334.013	17.7571	16.448	-0.310506	-16.4	-1.21573	0	0	0	1.08467	0.0679193	0.0679193	0.0679193	6.03675e+06
50.1	10061.9	9740.68	863.934	9.86421	5.53506	11.0072	19.4873	25.0983	3.17361	92.1065	6.0826	2.02753	351.759	17.7556	16.6406	-0.493563	-16.5587	-1.57346	0	0	0	1.70731	0.0505204	0.0505204	0.0505204	4.77759e+06
50.4	9780.3	9479.86	838.809	9.85194	5.44168	11.0427	18.9419	24.3684	3.08863	91.9919	6.09017	2.03006	9.5155	17.7335	16.9051	-0.527137	-16.8491	-1.26962	0	0	0	1.79196	0.0249969	0.0249969	0.0249969	5.63385e+06
50.7	9654.73	9372.88	837.026	9.83644	5.39276	11.0601	18.6987	24.3166	3.05377	91.8472	6.09976	2.03325	27.26	17.7056	17.0316	-0.175887	-16.9694	-1.4427	0	0	0	0.593844	0.0385947	0.0385947	0.0385947	4.22101e+06
51	11456.3	11122.6	942.111	9.83581	5.41282	11.0518	22.1878	27.3694	3.62383	91.8413	6.10016	2.03339	44.9796	17.7045	16.9674	0.225099	-16.8983	-1.5125	0	0	0	-0.763179	0.0517196	0.0517196	0.0517196	4.55383e+06
51.3	12242.1	11860.1	978.931	9.85691	5.41404	11.0239	23.7098	28.439	3.86412	92.0383	6.0871	2.02903	62.6846	17.7424	16.9999	0.262595	-16.9191	-1.63505	0	0	0	-0.889195	0.0549444	0.0549444	0.0549444	5.87123e+06
51.6	11724.4	11333.1	959.057	9.879	5.38934	11.0132	22.7071	27.8617	3.69243	92.2446	6.07349	2.0245	80.408	17.7822	17.1161	0.290286	-17.0471	-1.50834	0	0	0	-0.975567	0.0349937	0.0349937	0.0349937	3.94999e+06
51.9	11757.7	11344	966.45	9.89755	5.51279	11.0467	22.7717	28.0765	3.69599	92.4178	6.06211	2.0207	98.1704	17.8156	16.7642	0.686537	-16.6957	-1.3504	0	0	0	-2.35471	0.0272551	0.0272551	0.0272551	3.93102e+06
52.2	9082.43	8767.64	805.901	9.89215	5.47999	11.1	17.5903	23.4123	2.85658	92.3674	6.06541	2.0218	115.969	17.8059	16.8554	0.804597	-16.8009	-1.09008	0	0	0	-2.74181	0.0648981	0.0648981	0.0648981	6.11173e+06
52.5	9020.24	8731.8	786.685	9.86474	5.42179	11.1668	17.4699	22.8541	2.8449	92.1114	6.08227	2.02742	133.78	17.7565	16.9891	0.845494	-16.9297	-1.13995	0	0	0	-2.85905	0.0696421	0.0696421	0.0696421	7.67781e+06
52.8	10644.5	10317.6	888.05	9.85181	5.43346	11.1948	20.6156	25.7988	3.36157	91.9907	6.09025	2.03008	151.561	17.7333	16.9304	0.384355	-16.8901	-1.10245	0	0	0	-1.30361	0.0285195	0.0285195	0.0285195	3.74672e+06
53.1	12939.4	12515	1020.36	9.87316	5.42639	11.1717	25.0603	29.6426	4.0775	92.19	6.07708	2.02569	169.306	17.7717	16.9892	0.0260355	-16.958	-1.02853	0	0	0	-0.0879657	0.0403554	0.0403554	0.0403554	5.01285e+06
53.4	11694.2	11279.6	954.612	9.90027	5.55056	11.1529	22.6486	27.7326	3.67501	92.4432	6.06044	2.02015	187.059	17.8205	16.6548	-0.27076	-16.6407	-0.628053	0	0	0	0.932174	0.0498304	0.0498304	0.0498304	3.50877e+06
53.7	10464.9	10087.3	887.852	9.90672	5.50574	11.1903	20.2678	25.7931	3.28655	92.5034	6.05649	2.01883	204.855	17.8321	16.8013	-0.226847	-16.7773	-0.867446	0	0	0	0.774653	-0.0117145	-0.0117145	-0.0117145	1.81211e+06
54	9513.05	9179.81	830.163	9.89595	5.57344	11.2562	18.4243	24.1172	2.99087	92.4029	6.06309	2.02103	222.681	17.8127	16.5791	-0.332701	-16.5467	-0.982323	0	0	0	1.15188	0.0391002	0.0391002	0.0391002	5.56912e+06
54.3	9207.48	8905.31	792.569	9.87333	5.58898	11.3053	17.8325	23.025	2.90143	92.1916	6.07698	2.02566	240.503	17.772	16.4953	-0.46166	-16.476	-0.649266	0	0	0	1.60502	0.11789	0.11789	0.11789	8.72337e+06
54.6	9604.85	9309.42	819.358	9.85233	5.49658	11.3246	18.6021	23.8033	3.0331	91.9956	6.08993	2.02998	258.296	17.7342	16.7369	-0.540129	-16.693	-1.08376	0	0	0	1.85325	0.0463764	0.0463764	0.0463764	5.38513e+06
54.9	11906.8	11535.4	954.315	9.85677	5.57034	11.3064	23.0605	27.7239	3.75835	92.037	6.08719	2.02906	276.049	17.7422	16.5227	-0.599196	-16.4884	-0.878894	0	0	0	2.08124	0.0318119	0.0318119	0.0318119	5.71934e+06
55.2	12168.1	11760.7	973.379	9.88008	5.59021	11.2712	23.5665	28.2777	3.83175	92.2546	6.07283	2.02428	293.787	17.7841	16.5029	-0.626016	-16.4859	-0.410205	0	0	0	2.17464	0.0551556	0.0551556	0.0551556	4.14053e+06
55.5	11219.2	10824.9	924.504	9.8971	5.56336	11.2711	21.7287	26.8579	3.52687	92.4136	6.06238	2.02079	311.55	17.8148	16.6111	-0.604572	-16.5951	-0.407595	0	0	0	2.08641	-0.0243296	-0.0243296	-0.0243296	498915
55.8	10318	9952.76	869.514	9.89977	5.60747	11.3136	19.9834	25.2604	3.2427	92.4385	6.06075	2.02025	329.35	17.8196	16.4849	-0.508174	-16.469	-0.516364	0	0	0	1.76739	0.00756961	0.00756961	0.00756961	4.19281e+06
56.1	9191.84	8881.33	783.713	9.88316	5.64475	11.3657	17.8022	22.7677	2.89362	92.2834	6.07093	2.02364	347.167	17.7897	16.3485	-0.521892	-16.3309	-0.550943	0	0	0	1.8304	0.0742891	0.0742891	0.0742891	6.63768e+06
56.4	9768.13	9456.49	817.133	9.864	5.72499	11.4049	18.9183	23.7386	3.08101	92.1045	6.08272	2.02757	4.97157	17.7552	16.0881	-0.687091	-16.0675	-0.437815	0	0	0	2.44863	0.0497362	0.0497362	0.0497362	7.09543e+06
56.7	10590.3	10260	868.359	9.85675	5.83672	11.4046	20.5107	25.2268	3.34279	92.0368	6.0872	2.02907	22.744	17.7421	15.7686	-0.909483	-15.739	-0.321133	0	0	0	3.30717	0.034086	0.034086	0.034086	3.93444e+06
57	12027.1	11637.4	950.075	9.86905	5.83315	11.3846	23.2934	27.6007	3.79159	92.1517	6.07961	2.02654	40.4927	17.7643	15.7979	-0.585002	-15.7842	-0.300544	0	0	0	2.12255	0.016443	0.016443	0.016443	4.59097e+06
57.3	13428	12945.6	1023.38	9.90514	5.89161	11.3705	26.0065	29.7302	4.21779	92.4887	6.05746	2.01915	58.2459	17.8293	15.6984	-0.26517	-15.6942	-0.247569	0	0	0	0.967984	0.0263232	0.0263232	0.0263232	4.22604e+06
57.6	11163.3	10734	907.387	9.93127	5.92979	11.3913	21.6205	26.3606	3.49723	92.7326	6.04152	2.01384	76.0427	17.8763	15.6384	-0.370323	-15.6338	-0.0804927	0	0	0	1.35693	0.0284806	0.0284806	0.0284806	3.43863e+06
57.9	9769.76	9397.46	821.274	9.92761	6.01118	11.4728	18.9215	23.8589	3.06178	92.6985	6.04375	2.01458	93.8954	17.8697	15.421	-0.335824	-15.4062	-0.585727	0	0	0	1.24873	0.0534199	0.0534199	0.0534199	7.08116e+06
58.2	9528.47	9181.94	783.629	9.90969	6.01207	11.562	18.4542	22.7653	2.99156	92.5311	6.05468	2.01823	111.768	17.8374	15.3909	-0.253303	-15.3784	-0.56526	0	0	0	0.943654	0.059174	0.059174	0.059174	5.79004e+06
58.5	10968.8	10575.8	882.478	9.90413	5.97216	11.613	21.2436	25.637	3.44569	92.4793	6.05808	2.01936	129.622	17.8274	15.4851	-0.356257	-15.4805	-0.124091	0	0	0	1.31833	0.0261401	0.0261401	0.0261401	5.77203e+06
58.8	10466.7	10090.4	850.347	9.90544	5.98374	11.6291	20.2713	24.7035	3.28755	92.4915	6.05728	2.01909	147.454	17.8298	15.4571	-0.00825487	-15.4539	0.317165	0	0	0	0.0306052	0.0589791	0.0589791	0.0589791	5.93347e+06
59.1	11830.6	11395.7	919.65	9.91373	5.99728	11.6502	22.9128	26.7169	3.71283	92.5688	6.05221	2.0174	165.283	17.8447	15.4351	0.0339629	-15.4277	0.47613	0	0	0	-0.126132	0.0122373	0.0122373	0.0122373	3.19777e+06
59.4	11816	11357.8	923.075	9.93449	6.02731	11.6753	22.8844	26.8164	3.70048	92.7628	6.03956	2.01319	183.12	17.8821	15.3904	0.0166131	-15.39	0.104882	0	0	0	-0.0618492	-0.0334143	-0.0334143	-0.0334143	2.1957e+06
59.7	10177.1	9777.17	831.624	9.93989	5.95099	11.7172	19.7104	24.1596	3.18549	92.8131	6.03628	2.01209	200.984	17.8918	15.5963	-0.44087	-15.5895	-0.125214	0	0	0	1.61989	0.0757384	0.0757384	0.0757384	7.35741e+06
60	9221.06	8874.69	758.07	9.92199	5.95797	11.7909	17.8588	22.0228	2.89146	92.646	6.04717	2.01572	218.871	17.8596	15.5499	-0.689088	-15.532	-0.285055	0	0	0	2.54029	0.0877067	0.0877067	0.0877067	7.46072e+06
60.3	9595.74	9253.74	790.428	9.90222	5.88242	11.8474	18.5845	22.9628	3.01496	92.4614	6.05925	2.01975	236.747	17.824	15.7182	-0.734742	-15.6959	-0.403229	0	0	0	2.68012	0.0309407	0.0309407	0.0309407	5.70738e+06
60.6	11213.8	10817.5	889.068	9.89918	5.79659	11.8631	21.7183	25.8284	3.52443	92.433	6.06111	2.02037	254.588	17.8185	15.9461	-1.07364	-15.8981	-0.614521	0	0	0	3.86348	0.0542689	0.0542689	0.0542689	4.74152e+06
60.9	10493.6	10119.7	839.395	9.9021	5.76194	11.8593	20.3234	24.3854	3.29711	92.4603	6.05932	2.01977	272.41	17.8238	16.0467	-1.32809	-15.9807	-0.593289	0	0	0	4.7507	0.00342113	0.00342113	0.00342113	2.98665e+06
61.2	9951	9602.39	812.766	9.89598	5.80594	11.8705	19.2725	23.6118	3.12855	92.4031	6.06307	2.02102	290.231	17.8128	15.9153	-1.2317	-15.8648	-0.297503	0	0	0	4.43939	-0.0082257	-0.0082257	-0.0082257	4.15737e+06
61.5	10363.1	10008.2	835.029	9.88791	5.80944	11.8902	20.0707	24.2585	3.26078	92.3278	6.06802	2.02267	308.049	17.7982	15.8927	-1.02941	-15.8588	-0.131423	0	0	0	3.7139	0.0741351	0.0741351	0.0741351	6.18034e+06
61.8	10113.6	9774.49	827.279	9.88062	5.77409	11.8976	19.5875	24.0334	3.18462	92.2597	6.07249	2.02416	325.855	17.7851	15.9782	-1.02923	-15.9445	-0.132129	0	0	0	3.69336	0.0639104	0.0639104	0.0639104	5.84148e+06
62.1	9123.96	8833.43	762.388	9.86337	5.65591	11.8999	17.6708	22.1482	2.87801	92.0987	6.08311	2.0277	343.646	17.7541	16.2836	-1.24575	-16.2323	0.344283	0	0	0	4.38858	0.0127317	0.0127317	0.0127317	3.76454e+06
62.4	9473.58	9192.52	790.991	9.84127	5.74561	11.8977	18.3479	22.9792	2.99501	91.8922	6.09678	2.03226	1.41577	17.7143	15.9935	-1.02463	-15.9582	0.27683	0	0	0	3.67373	-0.000620194	-0.000620194	-0.000620194	2.47812e+06
62.7	10757.8	10446.9	858.985	9.83351	5.75692	11.871	20.8351	24.9545	3.4037	91.8199	6.10158	2.03386	19.15	17.7003	15.9495	-0.585757	-15.9348	0.351614	0	0	0	2.10522	0.00185915	0.00185915	0.00185915	3.00083e+06
63	10153.3	9862.9	821.25	9.83049	5.76841	11.8247	19.6644	23.8582	3.21343	91.7916	6.10346	2.03449	36.8573	17.6949	15.9128	-0.356259	-15.9082	0.142473	0	0	0	1.28291	-0.00464932	-0.00464932	-0.00464932	2.56922e+06
63.3	9547.22	9286.28	790.868	9.81762	5.82472	11.7926	18.4905	22.9756	3.02556	91.6715	6.11146	2.03715	54.5549	17.6717	15.7384	-0.23324	-15.7362	0.112335	0	0	0	0.849167	0.0281034	0.0281034	0.0281034	5.68779e+06
63.6	10500.7	10224.3	852.744	9.80746	5.75714	11.7653	20.3372	24.7732	3.33118	91.5766	6.11779	2.03926	72.2382	17.6534	15.9066	-0.152652	-15.9058	0.0580247	0	0	0	0.549865	0.0627357	0.0627357	0.0627357	5.14269e+06
63.9	11104.4	10808.5	888.46	9.81065	5.7647	11.7216	21.5063	25.8108	3.52153	91.6063	6.11581	2.0386	89.9007	17.6592	15.8909	-0.146242	-15.8842	0.437749	0	0	0	0.527493	0.0158248	0.0158248	0.0158248	3.47978e+06
64.2	9313.25	9071.88	788.544	9.80337	5.79079	11.6791	18.0374	22.9081	2.9557	91.5384	6.12034	2.04011	107.557	17.6461	15.8076	-0.0924705	-15.8071	-0.0885034	0	0	0	0.335173	0.0109711	0.0109711	0.0109711	3.82805e+06
64.5	10376.1	10121.2	846.525	9.78979	5.85322	11.6574	20.0959	24.5925	3.29759	91.4116	6.12884	2.04295	125.21	17.6216	15.6173	-0.766976	-15.5983	-0.077276	0	0	0	2.815	-0.00109235	-0.00109235	-0.00109235	1.17419e+06
64.8	10147.2	9903.56	838.018	9.78418	5.80999	11.6185	19.6524	24.3454	3.22667	91.3593	6.13235	2.04412	142.843	17.6115	15.7245	-0.894698	-15.6988	0.0893127	0	0	0	3.26185	-0.0281084	-0.0281084	-0.0281084	2.40348e+06
65.1	10191.6	9954.53	849.088	9.7767	5.74984	11.5677	19.7385	24.667	3.24328	91.2893	6.13704	2.04568	160.46	17.5981	15.8768	-0.851072	-15.854	-0.0399682	0	0	0	3.0728	0.0376027	0.0376027	0.0376027	4.30822e+06
65.4	9779.61	9563.67	821.222	9.76491	5.8187	11.5234	18.9406	23.8574	3.11593	91.1793	6.14445	2.04815	178.065	17.5768	15.67	-0.625688	-15.6574	-0.0769392	0	0	0	2.28839	0.0523152	0.0523152	0.0523152	5.5268e+06
65.7	10200.2	9985.69	850.548	9.75448	5.7597	11.4714	19.7552	24.7094	3.25343	91.0819	6.15102	2.05034	195.652	17.5581	15.8137	-0.476881	-15.8064	0.0296233	0	0	0	1.72809	0.00808481	0.00808481	0.00808481	3.09276e+06
66	11080.6	10846	904.993	9.75584	5.83837	11.409	21.4602	26.2911	3.53372	91.0946	6.15016	2.05005	213.22	17.5605	15.6027	-0.550458	-15.5861	0.463524	0	0	0	2.02268	0.0526996	0.0526996	0.0526996	5.96374e+06
66.3	11491.5	11236.2	929.024	9.76625	5.89141	11.3425	22.256	26.9892	3.66085	91.1918	6.14361	2.04787	230.779	17.5793	15.4788	-0.464963	-15.4691	0.289971	0	0	0	1.72165	0.0495169	0.0495169	0.0495169	3.53732e+06
66.6	10997.8	10741.9	901.129	9.77673	5.84182	11.2946	21.2998	26.1788	3.49982	91.2897	6.13702	2.04567	248.349	17.5981	15.6269	-0.288594	-15.6204	0.346005	0	0	0	1.05844	-0.0316496	-0.0316496	-0.0316496	1.12633e+06
66.9	12107	11805.1	967.763	9.79351	5.79746	11.2682	23.4481	28.1146	3.8462	91.4463	6.12651	2.04217	265.938	17.6283	15.7735	-0.0151924	-15.7681	0.413981	0	0	0	0.0552041	0.0288291	0.0288291	0.0288291	4.74444e+06
67.2	11562.2	11252.5	932.007	9.81212	5.89833	11.2536	22.393	27.0758	3.66616	91.6201	6.11489	2.0383	283.551	17.6618	15.5332	-0.0338906	-15.5329	0.089007	0	0	0	0.125011	0.0580724	0.0580724	0.0580724	4.59628e+06
67.5	10246.9	9968.49	859.609	9.81604	5.73311	11.2629	19.8457	24.9726	3.24783	91.6567	6.11244	2.03748	301.196	17.6689	15.9873	-0.00415689	-15.9872	0.0541796	0	0	0	0.0148977	-0.00371348	-0.00371348	-0.00371348	3.99209e+06
67.8	9268.03	9030.44	811.4	9.80054	5.6427	11.2878	17.9498	23.5721	2.9422	91.512	6.12211	2.0407	318.861	17.641	16.2178	0.0982022	-16.2174	-0.0349076	0	0	0	-0.346941	0.0166658	0.0166658	0.0166658	2.50033e+06
68.1	9896.87	9661.04	830.663	9.78239	5.57764	11.2954	19.1677	24.1317	3.14766	91.3425	6.13347	2.04449	336.516	17.6083	16.3765	0.0849903	-16.3763	0.00879917	0	0	0	-0.297353	0.0324983	0.0324983	0.0324983	5.56346e+06
68.4	11500.6	11223.8	934.458	9.78479	5.53647	11.2642	22.2737	27.1471	3.65682	91.3649	6.13196	2.04399	354.141	17.6126	16.5024	0.041039	-16.5021	-0.0842823	0	0	0	-0.142488	0.0504964	0.0504964	0.0504964	5.47603e+06
68.7	12038.4	11725.9	962.91	9.80376	5.56036	11.2119	23.3152	27.9736	3.8204	91.5421	6.1201	2.04003	11.7513	17.6468	16.4633	0.0383022	-16.4546	-0.53455	0	0	0	-0.13337	0.0542102	0.0542102	0.0542102	4.61615e+06
69	11713.9	11385.3	945.292	9.82488	5.45213	11.184	22.6868	27.4618	3.70944	91.7393	6.10694	2.03565	29.381	17.6848	16.8263	0.367485	-16.8035	-0.795315	0	0	0	-1.25283	0.0395103	0.0395103	0.0395103	5.94688e+06
69.3	10851.7	10536.7	892.393	9.8348	5.48701	11.1904	21.0169	25.925	3.43294	91.8319	6.10078	2.03359	47.0468	17.7026	16.7362	0.250249	-16.722	-0.64307	0	0	0	-0.857381	0.0444286	0.0444286	0.0444286	4.77972e+06
69.6	10686.1	10374.5	887.76	9.8361	5.5063	11.2189	20.6962	25.7904	3.38011	91.844	6.09998	2.03333	64.7405	17.705	16.6798	-0.0110885	-16.6724	-0.496492	0	0	0	0.0381062	-0.015501	-0.015501	-0.015501	1.79098e+06
69.9	10382	10080.6	872.167	9.8348	5.60032	11.2421	20.1072	25.3374	3.28435	91.8319	6.10078	2.03359	82.4443	17.7026	16.3976	0.146594	-16.3933	-0.345579	0	0	0	-0.512341	-0.0181104	-0.0181104	-0.0181104	2.36642e+06
70.2	10727.7	10418.7	889.416	9.83251	5.70004	11.2547	20.7769	25.8385	3.39452	91.8105	6.10221	2.03407	100.148	17.6985	16.107	-0.196816	-16.1041	-0.230054	0	0	0	0.700203	-0.0105338	-0.0105338	-0.0105338	333740
70.5	10536.3	10232.3	887.749	9.83298	5.59303	11.2587	20.406	25.7901	3.33377	91.8149	6.10192	2.03397	117.849	17.6994	16.416	-0.265396	-16.41	-0.35579	0	0	0	0.926556	-0.013767	-0.013767	-0.013767	3.2185e+06
70.8	10867.9	10553.2	902.168	9.83403	5.52043	11.2559	21.0483	26.209	3.43835	91.8247	6.10126	2.03375	135.548	17.7013	16.6336	-0.259664	-16.6269	-0.393476	0	0	0	0.894721	0.0604615	0.0604615	0.0604615	5.07919e+06
71.1	10243.7	9949.29	856.582	9.83183	5.4324	11.2547	19.8393	24.8847	3.24157	91.8041	6.10263	2.03421	153.248	17.6973	16.8994	-0.507307	-16.8893	-0.289413	0	0	0	1.72049	0.0667222	0.0667222	0.0667222	7.22644e+06
71.4	10228.3	9941.23	857.014	9.82503	5.36167	11.2532	19.8095	24.8972	3.23895	91.7406	6.10685	2.03562	170.947	17.6851	17.1105	-0.434603	-17.1049	0.0108205	0	0	0	1.45546	0.0254386	0.0254386	0.0254386	4.64764e+06
71.7	10364.7	10079.6	875.917	9.81938	5.30029	11.2456	20.0737	25.4464	3.28402	91.6879	6.11036	2.03679	188.638	17.6749	17.2987	-0.364251	-17.2915	-0.338515	0	0	0	1.20677	0.000878712	0.000878712	0.000878712	2.25295e+06
72	10631.6	10341.5	873.925	9.81718	5.37019	11.2265	20.5907	25.3885	3.36936	91.6674	6.11173	2.03724	206.318	17.6709	17.0697	-0.204456	-17.0634	-0.416591	0	0	0	0.686494	-0.0291198	-0.0291198	-0.0291198	1.69587e+06
72.3	9921.94	9657.33	850.497	9.81094	5.41617	11.2044	19.2162	24.7079	3.14645	91.6091	6.11562	2.03854	223.991	17.6597	16.914	-0.242637	-16.9003	-0.636548	0	0	0	0.822537	-0.0471533	-0.0471533	-0.0471533	-445008
72.6	8538.1	8331.09	775.847	9.78657	5.39915	11.1845	16.5361	22.5392	2.71435	91.3815	6.13085	2.04362	241.657	17.6158	16.9252	0.0304466	-16.9211	-0.369846	0	0	0	-0.103094	-0.0320845	-0.0320845	-0.0320845	207929
72.9	10499.9	10263.5	888.463	9.76921	5.44819	11.155	20.3355	25.8108	3.34395	91.2194	6.14175	2.04725	259.294	17.5846	16.7431	0.128235	-16.7383	-0.377309	0	0	0	-0.438945	0.0514643	0.0514643	0.0514643	6.24315e+06
73.2	12312	12018.3	977.59	9.78264	5.50415	11.0844	23.8451	28.4001	3.91567	91.3448	6.13331	2.04444	276.895	17.6088	16.5956	0.292257	-16.5852	-0.509782	0	0	0	-1.00954	0.0793747	0.0793747	0.0793747	6.9777e+06
73.5	10649.6	10381.1	887.734	9.79625	5.61345	11.0124	20.6255	25.7897	3.38226	91.4719	6.1248	2.0416	294.491	17.6332	16.2951	0.398003	-16.2861	-0.366933	0	0	0	-1.39992	-0.0244942	-0.0244942	-0.0244942	1.76172e+06
73.8	10107.9	9856.56	864.569	9.79281	5.59869	10.99	19.5764	25.1167	3.21136	91.4398	6.12695	2.04232	312.112	17.6271	16.3324	0.152741	-16.3251	-0.461408	0	0	0	-0.536054	-0.00176714	-0.00176714	-0.00176714	4.15807e+06
74.1	11132.8	10857.7	917.642	9.79125	5.72434	10.9802	21.5614	26.6585	3.53754	91.4252	6.12792	2.04264	329.743	17.6243	15.9713	0.328595	-15.9649	-0.312029	0	0	0	-1.17912	-0.00557666	-0.00557666	-0.00557666	-189331
74.4	9918.72	9675.19	864.809	9.78966	5.81893	10.9533	19.21	25.1237	3.15227	91.4104	6.12892	2.04297	347.368	17.6214	15.7091	0.294134	-15.705	-0.208167	0	0	0	-1.07295	-0.10006	-0.10006	-0.10006	-1.37361e+06
74.7	9809.33	9580.78	861.512	9.7771	5.76237	10.9298	18.9981	25.0279	3.12151	91.2931	6.13679	2.0456	4.9911	17.5988	15.843	0.113263	-15.8419	-0.147744	0	0	0	-0.409636	-0.022911	-0.022911	-0.022911	-314380
75	11163.1	10905.7	935.524	9.77469	5.80257	10.9018	21.6201	27.178	3.55319	91.2706	6.1383	2.0461	22.6012	17.5944	15.7293	-0.294202	-15.7227	-0.350766	0	0	0	1.07199	0.0651848	0.0651848	0.0651848	6.2497e+06
75.3	11084.5	10820.2	922.031	9.78257	5.80538	10.8499	21.4679	26.786	3.52533	91.3441	6.13336	2.04445	40.1978	17.6086	15.7344	-0.454566	-15.7235	-0.37068	0	0	0	1.65596	0.0342179	0.0342179	0.0342179	3.95475e+06
75.6	10236.4	9991.76	867.846	9.78314	5.71055	10.8109	19.8253	25.2119	3.25541	91.3495	6.133	2.04433	57.7994	17.6096	15.9966	-0.740416	-15.9785	-0.174885	0	0	0	2.65309	0.0104627	0.0104627	0.0104627	4.44518e+06
75.9	10397.4	10154.8	888.294	9.7774	5.78102	10.7894	20.137	25.8059	3.30853	91.2959	6.1366	2.04553	75.4085	17.5993	15.7924	-0.85346	-15.769	-0.100123	0	0	0	3.09798	0.0225249	0.0225249	0.0225249	3.09048e+06
76.2	10968.1	10711.7	921.861	9.77791	5.81005	10.7609	21.2424	26.7811	3.48997	91.3006	6.13628	2.04543	93.013	17.6002	15.7143	-0.608757	-15.7019	-0.130569	0	0	0	2.22022	-0.0455725	-0.0455725	-0.0455725	-1.26148e+06
76.5	9345.26	9134.43	832.471	9.7697	5.87192	10.7223	18.0994	24.1842	2.97608	91.224	6.14143	2.04714	110.613	17.5855	15.5356	-0.326119	-15.5322	0.0145998	0	0	0	1.20282	-0.0841324	-0.0841324	-0.0841324	-2.65869e+06
76.8	9663.63	9464.01	868.64	9.75071	6.01876	10.6919	18.7159	25.235	3.08346	91.0467	6.1534	2.05113	128.206	17.5513	15.1272	-0.516914	-15.1183	-0.00878557	0	0	0	1.95825	-0.00818572	-0.00818572	-0.00818572	386671
77.1	13361.5	13063.6	1066.72	9.76702	6.09658	10.6416	25.8777	30.9895	4.25626	91.1989	6.14312	2.04771	145.774	17.5806	14.959	-0.645087	-14.9423	0.292451	0	0	0	2.47204	0.0147969	0.0147969	0.0147969	2.2176e+06
77.4	11501.5	11210.5	962.367	9.79717	6.21443	10.5642	22.2754	27.9579	3.65248	91.4805	6.12422	2.04141	163.34	17.6349	14.7206	-1.11067	-14.6763	0.263264	0	0	0	4.32777	0.00391489	0.00391489	0.00391489	2.48793e+06
77.7	10553.6	10280.5	901.526	9.80297	6.15858	10.5478	20.4396	26.1904	3.34949	91.5346	6.1206	2.0402	180.948	17.6453	14.8629	-1.7563	-14.7542	0.369566	0	0	0	6.78838	0.0346852	0.0346852	0.0346852	4.12393e+06
78	10683.6	10408.4	909.658	9.80172	6.17379	10.5704	20.6913	26.4266	3.39116	91.523	6.12137	2.04046	198.588	17.6431	14.8244	-2.0337	-14.6842	0.0533353	0	0	0	7.88506	0.000567731	0.000567731	0.000567731	1.56072e+06
78.3	10393.4	10127.5	896.754	9.80007	6.28774	10.5714	20.1294	26.0517	3.29963	91.5076	6.12241	2.0408	216.232	17.6401	14.5533	-1.83552	-14.4358	0.197656	0	0	0	7.24633	-0.0559054	-0.0559054	-0.0559054	-1.34513e+06
78.6	9971.71	9724.62	875.976	9.79193	6.4231	10.5648	19.3126	25.4481	3.16837	91.4316	6.12749	2.0425	233.874	17.6255	14.2348	-1.35562	-14.1664	0.323557	0	0	0	5.46613	-0.0687629	-0.0687629	-0.0687629	-4.09657e+06
78.9	10254.9	10009.6	889.631	9.78327	6.56903	10.5498	19.861	25.8448	3.26122	91.3507	6.13292	2.04431	251.507	17.6099	13.9063	-0.991013	-13.8629	0.470517	0	0	0	4.08892	-0.0773073	-0.0773073	-0.0773073	-2.37425e+06
79.2	11740.9	11451.6	980.114	9.79054	6.65142	10.5165	22.739	28.4734	3.73103	91.4186	6.12836	2.04279	269.124	17.623	13.7442	-0.821618	-13.7026	0.683399	0	0	0	3.43138	-0.0259277	-0.0259277	-0.0259277	-165744
79.5	12394.5	12059.2	1017.06	9.81479	6.66638	10.4742	24.0049	29.5468	3.92901	91.645	6.11322	2.03774	286.741	17.6666	13.7473	-0.668996	-13.7201	0.548381	0	0	0	2.79155	0.0416916	0.0416916	0.0416916	2.98169e+06
79.8	12498	12122.8	1017.76	9.84487	6.77669	10.4577	24.2054	29.5672	3.94971	91.9259	6.09455	2.03152	304.386	17.7208	13.565	-0.38079	-13.5539	0.394048	0	0	0	1.60927	0.0331321	0.0331321	0.0331321	3.10494e+06
80.1	11825.9	11442.2	969.512	9.86952	6.84648	10.4828	22.9038	28.1654	3.72799	92.1561	6.07932	2.02644	322.079	17.7651	13.4604	-0.460767	-13.4495	0.283546	0	0	0	1.96213	-0.0384947	-0.0384947	-0.0384947	-1.29316e+06
80.4	11299.9	10916.4	947.967	9.8848	6.98013	10.5417	21.885	27.5395	3.55666	92.2988	6.06992	2.02331	339.822	17.7926	13.2231	-0.439277	-13.2098	0.39843	0	0	0	1.90461	-0.0569552	-0.0569552	-0.0569552	-1.00723e+06
80.7	9791.7	9462.64	850.952	9.88137	6.94965	10.6136	18.964	24.7211	3.08302	92.2667	6.07203	2.02401	357.601	17.7865	13.2765	-0.177464	-13.2643	0.538748	0	0	0	0.766518	-0.0571691	-0.0571691	-0.0571691	-3.25771e+06
81	10369.5	10030.7	883.666	9.87188	6.88342	10.6825	20.0831	25.6715	3.26809	92.1781	6.07787	2.02596	15.3906	17.7694	13.3913	0.200857	-13.3717	0.69669	0	0	0	-0.860579	-0.0984632	-0.0984632	-0.0984632	-4.07051e+06
81.3	11019.9	10657.8	928.614	9.87376	6.85136	10.7174	21.3427	26.9773	3.47241	92.1957	6.07671	2.02557	33.1686	17.7728	13.4565	0.206244	-13.4519	0.286986	0	0	0	-0.878386	-0.0272121	-0.0272121	-0.0272121	438126
81.6	11579.4	11187.2	958.409	9.88406	6.79329	10.7313	22.4263	27.8429	3.64489	92.2919	6.07038	2.02346	50.9397	17.7913	13.5857	0.520651	-13.5623	0.605183	0	0	0	-2.19849	0.0142101	0.0142101	0.0142101	1.19524e+06
81.9	10536.7	10173	901.19	9.89075	6.77297	10.7542	20.4069	26.1806	3.31445	92.3543	6.06627	2.02209	68.7218	17.8034	13.6357	0.45615	-13.6264	0.216219	0	0	0	-1.91729	-0.0323347	-0.0323347	-0.0323347	47875.3
82.2	11855.4	11435	969.5	9.90035	6.70712	10.7918	22.9608	28.1651	3.72563	92.4439	6.06039	2.02013	86.5191	17.8206	13.783	0.505848	-13.7736	-0.0278543	0	0	0	-2.10329	-0.0588315	-0.0588315	-0.0588315	-3.77375e+06
82.5	11596.6	11164.9	952.663	9.91855	6.78609	10.8293	22.4597	27.6759	3.63763	92.6139	6.04927	2.01642	104.331	17.8534	13.6476	0.356928	-13.6426	-0.0950274	0	0	0	-1.49867	-0.0793008	-0.0793008	-0.0793008	-1.7268e+06
82.8	8629.73	8317.42	769.754	9.90787	6.61045	10.8785	16.7136	22.3622	2.70989	92.5141	6.05579	2.0186	122.168	17.8342	13.9951	-0.188575	-13.9909	0.285687	0	0	0	0.772205	-0.0783219	-0.0783219	-0.0783219	-3.61507e+06
83.1	9222.11	8914.15	810.217	9.8792	6.3483	10.9506	17.8608	23.5377	2.90431	92.2465	6.07336	2.02445	140.012	17.7826	14.5309	-0.229148	-14.5278	0.196635	0	0	0	0.903657	-0.0588949	-0.0588949	-0.0588949	-1.77523e+06
83.4	11187.5	10820.7	930.315	9.87298	6.29094	10.9724	21.6672	27.0267	3.52548	92.1883	6.07719	2.02573	157.82	17.7714	14.6542	-0.322126	-14.6453	0.395215	0	0	0	1.26003	-0.0217633	-0.0217633	-0.0217633	-376849
83.7	10690.9	10335.4	908.908	9.87773	6.20049	10.9504	20.7055	26.4048	3.36738	92.2328	6.07427	2.02476	175.597	17.7799	14.8751	-0.488165	-14.8657	0.203811	0	0	0	1.88083	-0.0376129	-0.0376129	-0.0376129	-1.80133e+06
84	11357.3	10971.4	941.966	9.88513	6.31871	10.9475	21.9961	27.3652	3.57459	92.3018	6.06972	2.02324	193.373	17.7932	14.6077	-0.383842	-14.6027	0.00155973	0	0	0	1.50572	-0.041905	-0.041905	-0.041905	-144485
84.3	13883.7	13365.9	1070.05	9.9192	6.21383	10.9581	26.8891	31.0863	4.35474	92.62	6.04887	2.01629	211.159	17.8546	14.9055	-0.790446	-14.8782	-0.432575	0	0	0	3.04114	-0.0283489	-0.0283489	-0.0283489	-1.90099e+06
84.6	10892.3	10456.8	914.131	9.94701	6.20498	10.9832	21.0955	26.5565	3.40691	92.8797	6.03196	2.01065	228.983	17.9046	14.9686	-0.883659	-14.9165	-0.880919	0	0	0	3.39027	-0.0496702	-0.0496702	-0.0496702	-990339
84.9	8640.37	8308.65	764.341	9.93055	6.16846	11.0736	16.7342	22.205	2.70704	92.726	6.04196	2.01399	246.863	17.875	15.0323	-0.894452	-15.0001	-0.406647	0	0	0	3.41249	-0.0718278	-0.0718278	-0.0718278	-3.48722e+06
85.2	9182.38	8855.53	797.926	9.90176	6.04185	11.1741	17.7839	23.1807	2.88521	92.4571	6.05953	2.01984	264.753	17.8232	15.3028	-0.924191	-15.2499	-0.872606	0	0	0	3.46806	-0.073316	-0.073316	-0.073316	-1.33584e+06
85.5	10753.2	10381.3	894.202	9.89135	6.11417	11.2067	20.8261	25.9776	3.38233	92.3599	6.0659	2.02197	282.602	17.8044	15.1059	-0.830913	-15.0648	-0.741819	0	0	0	3.15701	-0.0316979	-0.0316979	-0.0316979	-899448
85.8	10590.5	10223.6	887.422	9.89198	6.18825	11.2001	20.511	25.7806	3.33094	92.3658	6.06552	2.02184	300.416	17.8056	14.926	-0.594529	-14.9141	-0.0249367	0	0	0	2.2828	-0.00505966	-0.00505966	-0.00505966	1.73299e+06
86.1	11242.1	10847.5	922.658	9.89671	6.25729	11.1998	21.7731	26.8042	3.53421	92.4099	6.06262	2.02087	318.221	17.8141	14.7684	-0.89417	-14.7399	0.203793	0	0	0	3.4715	-0.0437916	-0.0437916	-0.0437916	-2.42801e+06
86.4	10787.4	10401.6	894.853	9.90347	6.27187	11.2106	20.8924	25.9965	3.38895	92.473	6.05848	2.01949	336.03	17.8262	14.7441	-0.783241	-14.7233	0.0242999	0	0	0	3.04513	-0.0513879	-0.0513879	-0.0513879	-1.64699e+06
86.7	10064.6	9708.84	854.46	9.89917	6.20935	11.2339	19.4924	24.823	3.16323	92.4329	6.06111	2.02037	353.851	17.8185	14.8861	-0.181619	-14.8849	-0.050388	0	0	0	0.699064	-0.0276839	-0.0276839	-0.0276839	-1.79832e+06
87	8589.17	8304.88	765.047	9.87619	6.20749	11.268	16.635	22.2255	2.70581	92.2184	6.07522	2.02507	11.673	17.7771	14.856	-0.140906	-14.8527	0.279614	0	0	0	0.543543	-0.0708587	-0.0708587	-0.0708587	-2.30363e+06
87.3	9094.25	8819.46	790.866	9.84683	6.22696	11.2857	17.6132	22.9755	2.87346	91.9442	6.09333	2.03111	29.4708	17.7243	14.7655	-0.0817066	-14.7619	-0.31835	0	0	0	0.317128	-0.0600974	-0.0600974	-0.0600974	-856894
87.6	11065.8	10740.5	910.64	9.83846	6.13916	11.263	21.4315	26.4551	3.49936	91.866	6.09852	2.03284	47.2216	17.7092	14.9639	-0.2613	-14.9542	-0.472303	0	0	0	1.00105	-0.0122553	-0.0122553	-0.0122553	-1.04875e+06
87.9	10977.4	10647.4	908.177	9.84525	6.12627	11.2095	21.2603	26.3836	3.46902	91.9294	6.09431	2.03144	64.9384	17.7214	15.0058	-0.334662	-14.9934	-0.509357	0	0	0	1.27867	-0.0414667	-0.0414667	-0.0414667	-1.35809e+06
88.2	10246.9	9939.23	867.56	9.84493	6.172	11.1764	19.8457	25.2036	3.23829	91.9265	6.0945	2.0315	82.6537	17.7209	14.8941	-0.19801	-14.886	-0.4494	0	0	0	0.76209	-0.0637239	-0.0637239	-0.0637239	-3.10793e+06
88.5	10347.5	10042.3	871.614	9.8395	6.19128	11.1686	20.0405	25.3214	3.27189	91.8758	6.09787	2.03262	100.375	17.7111	14.8395	-0.260448	-14.8371	0.058737	0	0	0	1.00566	-0.0231944	-0.0231944	-0.0231944	-513740
88.8	9119.65	8865.14	801.657	9.82344	6.28038	11.1576	17.6624	23.289	2.88835	91.7258	6.10784	2.03595	118.091	17.6822	14.6051	-0.00338282	-14.6051	0.0224275	0	0	0	0.0132708	-0.00174782	-0.00174782	-0.00174782	723035
89.1	8960.94	8734.89	791.668	9.79642	6.29945	11.1422	17.355	22.9989	2.84591	91.4735	6.12469	2.04156	135.787	17.6336	14.5209	0.066241	-14.5181	-0.274134	0	0	0	-0.261418	-0.0331497	-0.0331497	-0.0331497	-659878
89.4	9515.87	9297.54	821.959	9.77354	6.38427	11.1011	18.4298	23.8788	3.02923	91.2598	6.13903	2.04634	153.445	17.5924	14.2945	0.000811008	-14.2885	-0.414988	0	0	0	-0.00325209	-0.0392482	-0.0392482	-0.0392482	-2.1685e+06
89.7	11642.1	11374.6	942.926	9.77389	6.36525	11.0268	22.5477	27.3931	3.70594	91.2631	6.13881	2.04627	171.058	17.593	14.3377	0.144653	-14.3247	-0.593767	0	0	0	-0.578563	-0.0495692	-0.0495692	-0.0495692	-3.14939e+06
90	11469.9	11187.9	935.107	9.78996	6.43413	10.9413	22.2142	27.1659	3.64512	91.4132	6.12873	2.04291	188.651	17.6219	14.2075	0.120408	-14.2012	-0.408595	0	0	0	-0.485786	-0.0839352	-0.0839352	-0.0839352	-4.89652e+06
90.3	11271.1	10979.7	927.958	9.80276	6.36104	10.8883	21.8292	26.9582	3.57728	91.5327	6.12072	2.04024	206.259	17.645	14.3896	-0.217895	-14.3875	-0.110423	0	0	0	0.867665	-0.0497126	-0.0497126	-0.0497126	-2.95584e+06
90.6	11136.3	10838.1	925.149	9.812	6.38971	10.8723	21.5681	26.8766	3.53116	91.619	6.11496	2.03832	223.892	17.6616	14.3385	-0.640726	-14.3232	0.169184	0	0	0	2.56133	0.0116511	0.0116511	0.0116511	1.43584e+06
90.9	9526.52	9277.62	842.281	9.80549	6.44501	10.8691	18.4504	24.4692	3.02274	91.5582	6.11902	2.03967	241.545	17.6499	14.206	-0.413145	-14.1901	0.530955	0	0	0	1.66769	-0.000850539	-0.000850539	-0.000850539	745656
91.2	10913.8	10635.5	918.353	9.79918	6.27615	10.8739	21.1372	26.6792	3.46514	91.4993	6.12296	2.04099	259.201	17.6385	14.5789	-0.0965893	-14.566	0.604559	0	0	0	0.379931	-0.0106262	-0.0106262	-0.0106262	-362639
91.5	11723.6	11411.1	961.439	9.81081	6.12659	10.8521	22.7056	27.9309	3.71785	91.6079	6.1157	2.03857	276.845	17.6595	14.9525	-0.0468757	-14.9467	0.412223	0	0	0	0.179689	-0.0220285	-0.0220285	-0.0220285	-2.70515e+06
91.8	11293.2	10975.8	933.889	9.82543	6.30685	10.8264	21.872	27.1305	3.57602	91.7444	6.1066	2.03553	294.494	17.6858	14.5468	0.245558	-14.5442	0.121317	0	0	0	-0.967265	-0.0663612	-0.0663612	-0.0663612	-3.30545e+06
92.1	11557.6	11217.6	945.006	9.83872	6.38831	10.8296	22.3841	27.4535	3.6548	91.8684	6.09836	2.03279	312.167	17.7097	14.3807	0.269112	-14.3746	-0.32348	0	0	0	-1.07253	-0.0647329	-0.0647329	-0.0647329	-5.24709e+06
92.4	11618.6	11258.4	955.472	9.85482	6.30078	10.8465	22.5022	27.7575	3.66809	92.0188	6.08839	2.02946	329.865	17.7387	14.6044	0.341823	-14.5857	-0.653616	0	0	0	-1.34251	0.00912867	0.00912867	0.00912867	976912
92.7	11362.8	10995.6	937.498	9.86824	6.20681	10.8746	22.0068	27.2354	3.58246	92.1441	6.08011	2.0267	347.589	17.7628	14.8457	0.421918	-14.8383	-0.204578	0	0	0	-1.62874	0.0673535	0.0673535	0.0673535	3.5074e+06
93	10270.8	9937.3	881.06	9.86981	6.23821	10.9177	19.8919	25.5958	3.23767	92.1588	6.07915	2.02638	5.33966	17.7657	14.7733	0.31377	-14.7699	0.0477069	0	0	0	-1.217	-0.000144106	-0.000144106	-0.000144106	-774706
93.3	11091.3	10729.4	926.999	9.87147	6.18884	10.9647	21.4811	26.9304	3.49573	92.1743	6.07812	2.02604	23.1039	17.7686	14.8936	0.38652	-14.8882	-0.11667	0	0	0	-1.48716	0.00204815	0.00204815	0.00204815	1.27481e+06
93.6	11409.2	11026.4	935.602	9.88082	6.12602	10.9943	22.0967	27.1803	3.59251	92.2616	6.07237	2.02412	40.8711	17.7855	15.0606	0.655485	-15.0449	-0.208513	0	0	0	-2.49472	0.0177928	0.0177928	0.0177928	-1.89583e+06
93.9	11046.3	10665.5	911.015	9.89027	6.15563	11.0224	21.3939	26.466	3.47492	92.3498	6.06657	2.02219	58.6482	17.8025	15.0025	0.482466	-14.9893	-0.404612	0	0	0	-1.84356	-0.100355	-0.100355	-0.100355	-5.64638e+06
94.2	11643.8	11228	941.856	9.90301	6.13918	11.0622	22.5511	27.362	3.65817	92.4687	6.05877	2.01959	76.4422	17.8254	15.0621	0.676572	-15.035	-0.597421	0	0	0	-2.57656	-0.0896577	-0.0896577	-0.0896577	-5.58924e+06
94.5	11324.3	10905	930.725	9.91645	6.25663	11.1062	21.9322	27.0386	3.55296	92.5943	6.05055	2.01685	94.2562	17.8496	14.7994	0.43078	-14.7924	-0.148471	0	0	0	-1.66808	0.0113853	0.0113853	0.0113853	-18874.1
94.8	10946.4	10533.2	906.53	9.9239	6.35034	11.1634	21.2004	26.3357	3.43182	92.6638	6.04601	2.01534	112.094	17.863	14.5919	0.715706	-14.5741	-0.0833323	0	0	0	-2.81142	0.0190297	0.0190297	0.0190297	533369
95.1	9562.19	9208	823.073	9.91661	6.34543	11.2284	18.5195	23.9112	3.00005	92.5958	6.05045	2.01682	129.95	17.8499	14.5925	0.614416	-14.579	-0.12884	0	0	0	-2.41324	0.0105417	0.0105417	0.0105417	130778
95.4	10152.4	9789.44	853.704	9.90338	6.42306	11.2889	19.6626	24.8011	3.18949	92.4722	6.05854	2.01951	147.806	17.8261	14.3969	0.652417	-14.382	0.0509551	0	0	0	-2.59735	0.00729976	0.00729976	0.00729976	-15466
95.7	9299.52	8981.54	796.987	9.88738	6.60354	11.3214	18.0108	23.1534	2.92627	92.3228	6.06834	2.02278	165.644	17.7973	13.9808	0.505255	-13.9695	0.243423	0	0	0	-2.07139	-0.0641695	-0.0641695	-0.0641695	-5.04108e+06
96	10773.1	10414	883.607	9.87859	6.58135	11.3333	20.8648	25.6698	3.39298	92.2408	6.07374	2.02458	183.456	17.7815	14.0155	0.265618	-14.0053	0.462715	0	0	0	-1.08651	-0.110515	-0.110515	-0.110515	-5.8009e+06
96.3	12325.1	11894.6	970.198	9.89496	6.58729	11.325	23.8706	28.1853	3.87536	92.3936	6.06369	2.02123	201.246	17.8109	14.026	0.546763	-14.0105	0.368287	0	0	0	-2.23484	-0.0703357	-0.0703357	-0.0703357	-5.20396e+06
96.6	11555.2	11127.3	935.716	9.91651	6.66329	11.3187	22.3794	27.1836	3.62538	92.5949	6.05051	2.01684	219.042	17.8497	13.8963	0.527217	-13.8821	0.339929	0	0	0	-2.17494	-0.0253904	-0.0253904	-0.0253904	-1.65073e+06
96.9	10729	10323.9	880.568	9.92406	6.77469	11.358	20.7794	25.5815	3.36362	92.6653	6.04591	2.0153	236.872	17.8633	13.6782	0.636152	-13.6588	0.354224	0	0	0	-2.6666	-0.0260537	-0.0260537	-0.0260537	-3.44873e+06
97.2	9361.67	9017.74	801.191	9.91351	6.83518	11.4207	18.1311	23.2755	2.93806	92.5668	6.05235	2.01745	254.729	17.8443	13.5427	0.580825	-13.5282	0.233771	0	0	0	-2.45845	-0.0138683	-0.0138683	-0.0138683	160446
97.5	9453.74	9125.96	804.031	9.89228	6.76884	11.4756	18.3094	23.358	2.97332	92.3686	6.06534	2.02178	272.582	17.8061	13.6461	0.813666	-13.6205	0.194896	0	0	0	-3.4187	-0.010374	-0.010374	-0.010374	-1.93027e+06
97.8	9709.99	9390.05	814.019	9.87465	6.76324	11.4995	18.8057	23.6482	3.05937	92.204	6.07616	2.02539	290.408	17.7744	13.6331	0.527227	-13.6223	0.131026	0	0	0	-2.21643	-0.0801638	-0.0801638	-0.0801638	-5.45982e+06
98.1	10964.8	10607.5	885.678	9.87097	6.67194	11.4911	21.2359	25.7299	3.45601	92.1696	6.07843	2.02614	308.198	17.7677	13.8145	0.101603	-13.8141	0.00286651	0	0	0	-0.421405	-0.0946748	-0.0946748	-0.0946748	-6.00142e+06
98.4	10918	10556.5	890.3	9.87627	6.62526	11.4709	21.1453	25.8642	3.4394	92.2191	6.07517	2.02506	325.969	17.7773	13.9193	0.414844	-13.911	0.246532	0	0	0	-1.70813	-0.0443054	-0.0443054	-0.0443054	-4.17524e+06
98.7	12128	11708.4	953.886	9.89153	6.59877	11.4646	23.4888	27.7115	3.81471	92.3615	6.0658	2.02193	343.741	17.8047	13.9968	0.357051	-13.987	0.383843	0	0	0	-1.4623	-0.0596757	-0.0596757	-0.0596757	-5.08714e+06
99	10987.2	10590.7	889.828	9.90674	6.50185	11.4753	21.2793	25.8505	3.45056	92.5036	6.05648	2.01883	1.53245	17.8321	14.2273	0.328594	-14.2234	0.0537835	0	0	0	-1.32343	-0.0700055	-0.0700055	-0.0700055	-4.26686e+06
99.3	9152.12	8831.49	787.247	9.89598	6.4289	11.515	17.7253	22.8704	2.87738	92.4031	6.06307	2.02102	19.3509	17.8128	14.3731	0.472556	-14.3601	0.386607	0	0	0	-1.88478	-0.0278367	-0.0278367	-0.0278367	-2.13411e+06
99.6	8538.34	8265.03	746.072	9.86507	6.2477	11.568	16.5366	21.6742	2.69283	92.1146	6.08206	2.02735	37.1733	17.7571	14.7437	0.440589	-14.7313	0.413935	0	0	0	-1.71311	-0.0356302	-0.0356302	-0.0356302	-2.22568e+06
99.9	9943.49	9647.24	833.415	9.84254	6.14488	11.5806	19.258	24.2116	3.14316	91.9041	6.09599	2.032	54.9583	17.7166	14.9562	1.02929	-14.9183	0.269387	0	0	0	-3.94686	-0.0579225	-0.0579225	-0.0579225	-3.16659e+06
100.2	9926.54	9641.89	834.023	9.83121	6.14945	11.5454	19.2251	24.2293	3.14142	91.7984	6.10301	2.03434	72.6951	17.6962	14.9279	1.00782	-14.8931	-0.142912	0	0	0	-3.87133	-0.0383714	-0.0383714	-0.0383714	-3.11177e+06
100.5	11875.7	11528.6	942.932	9.83687	5.99102	11.5008	23.0003	27.3932	3.75612	91.8512	6.0995	2.03317	90.4015	17.7064	15.3315	0.844114	-15.3082	0.0301062	0	0	0	-3.15617	-0.0323639	-0.0323639	-0.0323639	-3.2112e+06
100.8	10329.3	10019.7	864.532	9.84442	5.8742	11.459	20.0052	25.1156	3.2645	91.9217	6.09482	2.03161	108.103	17.72	15.6484	0.612179	-15.6357	-0.147665	0	0	0	-2.24214	-0.0420274	-0.0420274	-0.0420274	-3.17441e+06
101.1	10416	10108.2	875.771	9.84006	5.92766	11.4478	20.173	25.4421	3.29334	91.881	6.09753	2.03251	125.816	17.7121	15.5004	0.398032	-15.4953	-0.00231413	0	0	0	-1.47145	-0.025712	-0.025712	-0.025712	-2.05357e+06
101.4	9839.74	9557.94	836.271	9.83084	5.79973	11.4483	19.057	24.2946	3.11407	91.7949	6.10324	2.03441	143.532	17.6955	15.8274	0.240952	-15.8256	0.0283914	0	0	0	-0.872289	-0.0548153	-0.0548153	-0.0548153	-4.00368e+06
101.7	9530.99	9272.72	821.728	9.81526	5.72495	11.4361	18.4591	23.8721	3.02114	91.6494	6.11293	2.03764	161.236	17.6675	16.0088	-0.0662515	-16.0085	-0.0727115	0	0	0	0.237119	-0.0592721	-0.0592721	-0.0592721	-1.74214e+06
102	10923.8	10634.8	898.978	9.80877	5.7568	11.4138	21.1566	26.1163	3.46493	91.5888	6.11697	2.03899	178.917	17.6558	15.9097	0.002367	-15.9072	-0.282854	0	0	0	-0.00852567	-0.0290331	-0.0290331	-0.0290331	-3.61099e+06
102.3	11914.8	11583.1	950.547	9.82282	5.71185	11.3706	23.076	27.6144	3.77387	91.72	6.10823	2.03608	196.579	17.6811	16.0578	-0.0372408	-16.0553	-0.284517	0	0	0	0.132899	-0.0462926	-0.0462926	-0.0462926	-2.92552e+06
102.6	12194.9	11825.9	968.84	9.84724	5.75233	11.3361	23.6184	28.1459	3.853	91.948	6.09308	2.03103	214.247	17.725	15.9845	-0.154285	-15.9821	-0.230387	0	0	0	0.553096	-0.0132116	-0.0132116	-0.0132116	-2.20559e+06
102.9	10970	10622.2	907.561	9.86202	5.67463	11.339	21.2461	26.3657	3.46081	92.086	6.08395	2.02798	231.95	17.7516	16.2277	-0.349542	-16.215	-0.537807	0	0	0	1.23492	0.0126196	0.0126196	0.0126196	-689336
103.2	10762.7	10417.9	896.141	9.86528	5.6453	11.3763	20.8445	26.0339	3.39426	92.1165	6.08193	2.02731	249.689	17.7575	16.3174	-0.0525549	-16.3062	-0.602349	0	0	0	0.184664	-0.0197989	-0.0197989	-0.0197989	-1.98415e+06
103.5	9935.35	9622.22	850.782	9.86005	5.61727	11.4155	19.2422	24.7162	3.13501	92.0677	6.08516	2.02839	267.443	17.7481	16.3901	-0.215456	-16.3743	-0.685973	0	0	0	0.753864	0.000440633	0.000440633	0.000440633	123894
103.8	9519.43	9234.57	825.232	9.84386	5.67444	11.4439	18.4367	23.9739	3.00871	91.9165	6.09517	2.03172	285.196	17.719	16.1983	-0.375874	-16.1768	-0.746861	0	0	0	1.33105	0.0167416	0.0167416	0.0167416	213036
104.1	10355.9	10057.9	870.317	9.83229	5.71322	11.4539	20.0568	25.2837	3.27695	91.8084	6.10234	2.03411	302.93	17.6981	16.0695	-0.608381	-16.0491	-0.531704	0	0	0	2.17089	-0.0505472	-0.0505472	-0.0505472	-3.28057e+06
104.4	11772	11423.3	942.395	9.84077	5.54663	11.4334	22.7993	27.3776	3.72182	91.8876	6.09708	2.03236	320.638	17.7134	16.5664	-1.01548	-16.5172	-0.773246	0	0	0	3.51813	-0.0660129	-0.0660129	-0.0660129	-4.54746e+06
104.7	11463.2	11105	927.912	9.85731	5.47388	11.4082	22.2013	26.9569	3.61812	92.0421	6.08685	2.02895	338.344	17.7432	16.8148	-1.00786	-16.762	-0.869162	0	0	0	3.44092	-0.00098793	-0.00098793	-0.00098793	-1.62142e+06
105	10341	10014.2	867.792	9.86091	5.45626	11.4131	20.0278	25.2103	3.26272	92.0756	6.08463	2.02821	356.072	17.7496	16.8752	-1.42562	-16.8017	-0.667076	0	0	0	4.84993	0.0351595	0.0351595	0.0351595	1.35677e+06
105.3	10451.5	10125.9	880.392	9.85631	5.35722	11.4408	20.2418	25.5764	3.29913	92.0327	6.08747	2.02916	13.8186	17.7414	17.1792	-1.53406	-17.1042	-0.46552	0	0	0	5.12507	-0.0121411	-0.0121411	-0.0121411	-2.83408e+06
105.6	9737.38	9442.65	842.122	9.84735	5.24685	11.4577	18.8588	24.4646	3.0765	91.9491	6.09301	2.031	31.5641	17.7252	17.5246	-1.73206	-17.4332	-0.441766	0	0	0	5.67395	-0.00761276	-0.00761276	-0.00761276	400872
105.9	9899.72	9613.91	854.235	9.83319	5.24536	11.4628	19.1732	24.8165	3.1323	91.8168	6.10179	2.03393	49.2974	17.6997	17.5044	-1.59449	-17.4018	-1.01859	0	0	0	5.23525	0.0408829	0.0408829	0.0408829	819752
106.2	10846.1	10537.6	900.456	9.82889	5.18526	11.4525	21.0061	26.1593	3.43324	91.7767	6.10446	2.03482	67.0099	17.692	17.6995	-1.63288	-17.5803	-1.24141	0	0	0	5.3065	-0.0418776	-0.0418776	-0.0418776	-2.5225e+06
106.5	10611.9	10307.5	888.399	9.83128	5.15641	11.4232	20.5525	25.809	3.35829	91.799	6.10297	2.03432	84.7058	17.6963	17.8029	-1.07323	-17.7297	-1.20332	0	0	0	3.46406	-0.0722738	-0.0722738	-0.0722738	-4.42635e+06
106.8	10355.2	10060.8	874.415	9.82878	5.0922	11.4036	20.0554	25.4028	3.2779	91.7757	6.10452	2.03484	102.4	17.6918	18.0228	-0.802001	-17.9727	-1.07621	0	0	0	2.55503	0.0400245	0.0400245	0.0400245	1.90401e+06
107.1	10833.7	10526.9	904.411	9.82759	5.09016	11.3933	20.9821	26.2741	3.42977	91.7645	6.10526	2.03509	120.094	17.6897	18.0278	-0.705995	-17.9825	-1.06423	0	0	0	2.24828	0.0532236	0.0532236	0.0532236	1.05166e+06
107.4	10085.8	9802.94	858.603	9.82485	5.10056	11.3776	19.5336	24.9434	3.19389	91.739	6.10696	2.03565	137.785	17.6847	17.9861	-1.01039	-17.9345	-0.91166	0	0	0	3.22451	0.0432671	0.0432671	0.0432671	2.22886e+06
107.7	9285.32	9040.53	820.679	9.80786	5.05155	11.3658	17.9833	23.8416	2.94549	91.5803	6.11754	2.03918	155.472	17.6541	18.1292	-0.785616	-18.087	-0.954168	0	0	0	2.4871	0.0557087	0.0557087	0.0557087	177298
108	10853.6	10577	916.92	9.79905	5.00139	11.3497	21.0206	26.6376	3.44608	91.4981	6.12304	2.04101	173.141	17.6383	18.2945	-0.847464	-18.2566	-0.818277	0	0	0	2.65774	-0.0230654	-0.0230654	-0.0230654	-507671
108.3	11503.8	11198.9	950.487	9.80932	5.04434	11.3031	22.28	27.6127	3.64871	91.594	6.11663	2.03888	190.788	17.6568	18.1578	-1.22564	-18.1111	-0.436984	0	0	0	3.87148	-0.0346456	-0.0346456	-0.0346456	-1.97862e+06
108.6	10633.7	10344.7	901.115	9.81605	5.22978	11.263	20.5948	26.1784	3.37042	91.6568	6.11244	2.03748	208.435	17.6689	17.5259	-1.07722	-17.4819	-0.619125	0	0	0	3.52608	-0.0043905	-0.0043905	-0.0043905	-1.30562e+06
108.9	10935.7	10635.4	911.137	9.81891	5.2112	11.2537	21.1797	26.4695	3.46513	91.6835	6.11066	2.03689	226.098	17.674	17.5936	-1.06589	-17.5542	-0.497313	0	0	0	3.47474	0.0328726	0.0328726	0.0328726	2.17504e+06
109.2	11066.6	10756.4	911.611	9.82469	5.24211	11.2467	21.4332	26.4833	3.50454	91.7375	6.10706	2.03569	243.77	17.6844	17.5001	-1.19897	-17.4441	-0.719831	0	0	0	3.93187	0.0712435	0.0712435	0.0712435	758018
109.5	9328.07	9074.46	816.614	9.81618	5.34376	11.2422	18.0661	23.7236	2.95654	91.658	6.11236	2.03745	261.449	17.6691	17.1524	-1.21413	-17.1018	-0.508126	0	0	0	4.06085	0.0450995	0.0450995	0.0450995	1.62348e+06
109.8	10299.6	10033.6	879.231	9.80247	5.34445	11.2457	19.9476	25.5426	3.26903	91.53	6.12091	2.0403	279.126	17.6444	17.1262	-0.790975	-17.1009	-0.490594	0	0	0	2.64824	-0.00473332	-0.00473332	-0.00473332	-2.94123e+06
110.1	12586.1	12242.3	1007.01	9.81744	5.35019	11.2224	24.376	29.2548	3.98866	91.6698	6.11157	2.03719	296.782	17.6714	17.1339	-1.09262	-17.0989	0.0665894	0	0	0	3.65624	-0.0611464	-0.0611464	-0.0611464	-3.37491e+06
110.4	11861.8	11506.2	967.414	9.84445	5.4284	11.1834	22.9733	28.1045	3.74883	91.922	6.0948	2.0316	314.44	17.72	16.9335	-0.794254	-16.9135	0.216063	0	0	0	2.68862	-0.0335424	-0.0335424	-0.0335424	-1.65706e+06
110.7	11335.7	10978.8	938.278	9.85977	5.60117	11.1916	21.9544	27.258	3.57699	92.065	6.08533	2.02844	332.136	17.7476	16.4367	-0.656231	-16.4233	0.104188	0	0	0	2.28817	0.0276079	0.0276079	0.0276079	279133
111	10386.4	10056.5	881.401	9.86257	5.68906	11.2331	20.1158	25.6057	3.27651	92.0912	6.08361	2.02787	349.87	17.7526	16.1874	-0.464203	-16.1804	0.10513	0	0	0	1.64332	0.0386721	0.0386721	0.0386721	1.17617e+06
111.3	9748.54	9448.71	836.461	9.85231	5.67719	11.2753	18.8804	24.3001	3.07848	91.9954	6.08994	2.02998	7.61984	17.7342	16.2044	-0.0166029	-16.2042	-0.0657371	0	0	0	0.0587055	0.0603538	0.0603538	0.0603538	1.45934e+06
111.6	9239.09	8973.18	803.115	9.83228	5.61897	11.3039	17.8937	23.3314	2.92355	91.8084	6.10235	2.03412	25.3632	17.6981	16.339	-0.0863107	-16.3379	0.165023	0	0	0	0.302682	0.0536413	0.0536413	0.0536413	868430
111.9	11023.6	10714.5	915.785	9.82477	5.63971	11.3035	21.3499	26.6046	3.4909	91.7382	6.10702	2.03567	43.0793	17.6846	16.2665	-0.176077	-16.2655	0.00412822	0	0	0	0.620214	0.0280084	0.0280084	0.0280084	1.14795e+06
112.2	11852.6	11503.9	965.264	9.83873	5.67408	11.2711	22.9553	28.042	3.74807	91.8685	6.09835	2.03278	60.7707	17.7097	16.1909	0.0178917	-16.1895	-0.215575	0	0	0	-0.06332	-0.00943183	-0.00943183	-0.00943183	-2.06581e+06
112.5	12247.6	11858.1	985.304	9.86298	5.67237	11.2465	23.7205	28.6242	3.86349	92.095	6.08336	2.02779	78.4678	17.7534	16.2357	0.0261243	-16.2332	-0.283697	0	0	0	-0.0922069	-0.0493801	-0.0493801	-0.0493801	-3.04619e+06
112.8	11226.1	10849	922.952	9.88124	5.71189	11.2579	21.7421	26.8128	3.5347	92.2655	6.07212	2.02404	96.1994	17.7862	16.1532	0.115107	-16.1511	-0.234757	0	0	0	-0.408334	0.0374375	0.0374375	0.0374375	1.3976e+06
113.1	9972.16	9639.49	840.201	9.87885	5.68271	11.3031	19.3135	24.4088	3.14064	92.2432	6.07358	2.02453	113.969	17.7819	16.2323	0.0607309	-16.2294	-0.295717	0	0	0	-0.214401	0.0950562	0.0950562	0.0950562	1.65962e+06
113.4	8815.61	8540.21	761.557	9.85723	5.62622	11.3573	17.0736	22.1241	2.78248	92.0413	6.0869	2.02897	131.753	17.743	16.3594	-0.18403	-16.3489	-0.556596	0	0	0	0.64492	0.080877	0.080877	0.080877	3.46724e+06
113.7	9864.16	9577.03	839.699	9.83559	5.55221	11.3832	19.1043	24.3942	3.12029	91.8393	6.10029	2.03343	149.516	17.7041	16.541	-0.308954	-16.528	-0.580103	0	0	0	1.07089	0.0999601	0.0999601	0.0999601	3.09951e+06
114	10985.7	10669.3	912.046	9.83249	5.54415	11.3657	21.2765	26.496	3.47617	91.8103	6.10222	2.03407	167.239	17.6985	16.5598	-0.111347	-16.5281	-1.0193	0	0	0	0.385987	0.0322904	0.0322904	0.0322904	1.53994e+06
114.3	11339.3	11001.9	930.133	9.84215	5.50722	11.3274	21.9613	27.0214	3.58453	91.9005	6.09623	2.03208	184.941	17.7159	16.6873	0.0713329	-16.6537	-1.05613	0	0	0	-0.245414	-0.042131	-0.042131	-0.042131	-2.85299e+06
114.6	12460.1	12062.5	984.079	9.86409	5.45711	11.3071	24.1321	28.5886	3.93008	92.1054	6.08267	2.02756	202.648	17.7554	16.8781	0.239596	-16.8442	-1.04042	0	0	0	-0.814931	-0.0457577	-0.0457577	-0.0457577	-4.44353e+06
114.9	11893	11483.5	949.363	9.88985	5.48475	11.3104	23.0337	27.5801	3.74143	92.3459	6.06682	2.02227	220.383	17.8017	16.8369	0.142076	-16.8135	-0.874691	0	0	0	-0.484145	0.0112081	0.0112081	0.0112081	-809749
115.2	10253.3	9894.32	844.765	9.89578	5.53286	11.3512	19.858	24.5414	3.22366	92.4013	6.06319	2.02106	238.162	17.8124	16.7005	-0.0309878	-16.6638	-1.10607	0	0	0	0.106547	0.096189	0.096189	0.096189	1.80067e+06
115.5	9930.55	9592.62	835.112	9.88571	5.41697	11.4183	19.2329	24.261	3.12536	92.3072	6.06937	2.02312	255.969	17.7943	17.0404	0.33534	-17.0001	-1.12152	0	0	0	-1.13006	0.115372	0.115372	0.115372	4.7065e+06
115.8	9599.24	9286.78	828.363	9.87058	5.46824	11.4647	18.5912	24.0649	3.02572	92.166	6.07867	2.02622	273.772	17.7671	16.8548	0.637815	-16.7689	-1.5745	0	0	0	-2.17822	0.0846265	0.0846265	0.0846265	3.49005e+06
116.1	9964.98	9654.59	847.829	9.8563	5.57255	11.4827	19.2996	24.6304	3.14556	92.0326	6.08748	2.02916	291.553	17.7413	16.5153	1.03594	-16.4447	-1.12	0	0	0	-3.60459	0.032161	0.032161	0.032161	1.56852e+06
116.4	12555.9	12150.3	980.913	9.86805	5.57337	11.477	24.3175	28.4966	3.95869	92.1423	6.08023	2.02674	309.307	17.7625	16.5326	1.64736	-16.4143	-1.08891	0	0	0	-5.7311	-0.0490041	-0.0490041	-0.0490041	-4.43213e+06
116.7	12227.1	11796.4	961.979	9.89793	5.63069	11.4574	23.6807	27.9466	3.84338	92.4214	6.06187	2.02062	327.059	17.8163	16.4139	1.77937	-16.2903	-0.935013	0	0	0	-6.23364	-0.0779146	-0.0779146	-0.0779146	-5.7525e+06
117	11339.3	10919.3	898.511	9.9166	5.64957	11.48	21.9612	26.1028	3.5576	92.5957	6.05046	2.01682	344.849	17.8499	16.3898	1.75479	-16.2707	-0.901547	0	0	0	-6.15553	0.00738517	0.00738517	0.00738517	-2.86583e+06
117.3	9907.33	9541.9	827.58	9.91501	5.72782	11.5467	19.1879	24.0421	3.10884	92.5808	6.05143	2.01714	2.68177	17.847	16.1634	1.70894	-16.057	-0.712158	0	0	0	-6.0751	0.108541	0.108541	0.108541	4.18237e+06
117.6	9477.49	9143.47	810.092	9.89814	5.83932	11.6162	18.3554	23.5341	2.97903	92.4233	6.06175	2.02058	20.5303	17.8166	15.8277	1.80957	-15.7212	-0.295101	0	0	0	-6.56609	0.0883064	0.0883064	0.0883064	2.49121e+06
117.9	8303.28	8034.91	739.98	9.86825	5.82267	11.6606	16.0813	21.4972	2.61785	92.1442	6.08011	2.0267	38.3622	17.7628	15.8251	1.78355	-15.7241	-0.0626566	0	0	0	-6.47127	0.00986945	0.00986945	0.00986945	370206
118.2	10691.8	10364.7	874.549	9.85061	5.88156	11.6693	20.7072	25.4066	3.37692	91.9795	6.09099	2.03033	56.1519	17.7311	15.6386	1.70506	-15.545	0.107468	0	0	0	-6.25947	0.0116449	0.0116449	0.0116449	246519
118.5	11374.5	11018.6	911.739	9.85774	5.96186	11.634	22.0294	26.487	3.58995	92.046	6.08659	2.02886	73.8989	17.7439	15.4392	1.46531	-15.3679	-0.222186	0	0	0	-5.44664	-0.0114738	-0.0114738	-0.0114738	-3.05254e+06
118.8	10600.4	10262.3	869.082	9.86396	6.01557	11.5994	20.5303	25.2478	3.34354	92.1041	6.08275	2.02758	91.6364	17.7551	15.311	1.31685	-15.2533	-0.170694	0	0	0	-4.93423	-0.0181774	-0.0181774	-0.0181774	-1.70339e+06
119.1	12140.5	11737.9	947.954	9.87685	5.99332	11.5998	23.513	27.5391	3.82431	92.2245	6.07481	2.02494	109.386	17.7783	15.3879	1.34248	-15.3232	-0.430547	0	0	0	-5.00697	0.0278034	0.0278034	0.0278034	-2.34745e+06
119.4	11197.8	10808	897.971	9.89374	6.05773	11.6063	21.6873	26.0871	3.52135	92.3822	6.06444	2.02148	127.153	17.8087	15.2503	1.31417	-15.1749	-0.753854	0	0	0	-4.94958	0.03714	0.03714	0.03714	998522
119.7	8556.98	8271.11	752.95	9.87934	6.11295	11.6391	16.5727	21.874	2.6948	92.2478	6.07328	2.02443	144.946	17.7828	15.0906	1.02779	-15.0208	-1.02165	0	0	0	-3.91433	0.0429913	0.0429913	0.0429913	653129
120	9493.66	9201.79	801.005	9.85218	6.04057	11.6894	18.3868	23.2701	2.99803	91.9942	6.09002	2.03001	162.742	17.7339	15.2294	1.33336	-15.1431	-0.918172	0	0	0	-5.03196	0.00290725	0.00290725	0.00290725	-572203
120.3	11293.4	10949.1	897.909	9.84957	5.97645	11.6889	21.8725	26.0853	3.56734	91.9698	6.09164	2.03055	180.5	17.7292	15.3887	1.2701	-15.3165	-0.777141	0	0	0	-4.74034	-0.0100605	-0.0100605	-0.0100605	-487228
120.6	10154.5	9843.8	831.441	9.85068	5.85993	11.655	19.6666	24.1543	3.2072	91.9801	6.09095	2.03032	198.232	17.7312	15.6964	1.24002	-15.6339	-0.650631	0	0	0	-4.53501	0.0302171	0.0302171	0.0302171	-1.16235e+06
120.9	10510.7	10194.2	854.524	9.84575	5.84694	11.6455	20.3564	24.8249	3.32136	91.9341	6.094	2.03133	215.962	17.7224	15.7235	0.916592	-15.6839	-0.634502	0	0	0	-3.34466	0.0595763	0.0595763	0.0595763	1.97928e+06
121.2	13029.1	12611.1	983.242	9.86584	6.00278	11.6379	25.234	28.5643	4.10881	92.1217	6.08159	2.0272	233.689	17.7585	15.3465	0.872099	-15.3195	-0.260403	0	0	0	-3.25818	0.0334951	0.0334951	0.0334951	-2.74014e+06
121.5	10833.9	10463.8	879.996	9.88699	6.10374	11.6252	20.9824	25.5649	3.40922	92.3192	6.06858	2.02286	251.429	17.7966	15.125	0.669625	-15.1086	-0.221606	0	0	0	-2.53774	0.0339889	0.0339889	0.0339889	1.97285e+06
121.8	8863.79	8574.12	768.194	9.87191	6.05037	11.6631	17.1669	22.3169	2.79353	92.1784	6.07785	2.02595	269.207	17.7694	15.2352	0.794477	-15.2139	-0.128631	0	0	0	-2.9893	0.0353782	0.0353782	0.0353782	-2.24538e+06
122.1	9098.04	8825.65	777.433	9.84402	5.97821	11.7151	17.6205	22.5853	2.87548	91.918	6.09507	2.03169	286.99	17.7192	15.3755	0.945915	-15.343	0.321387	0	0	0	-3.52789	-0.0198777	-0.0198777	-0.0198777	-794607
122.4	10773.8	10462.5	869.682	9.83344	5.92306	11.7133	20.8661	25.2652	3.40878	91.8191	6.10163	2.03388	304.734	17.7002	15.502	1.25792	-15.4474	0.328317	0	0	0	-4.65546	0.0256188	0.0256188	0.0256188	-25577.4
122.7	9824.6	9546.79	815.757	9.82717	6.18263	11.6764	19.0277	23.6986	3.11044	91.7607	6.10552	2.03517	322.444	17.6889	14.8417	1.19795	-14.7856	0.477308	0	0	0	-4.63207	0.032166	0.032166	0.032166	-1.74376e+06
123	10715.3	10417.9	865.472	9.82195	6.13823	11.6476	20.7528	25.1429	3.39425	91.7119	6.10877	2.03626	340.139	17.6795	14.9411	1.21351	-14.8883	0.32124	0	0	0	-4.65976	0.0264437	0.0264437	0.0264437	887788
123.3	12015.6	11666.5	931.893	9.83503	6.04155	11.6166	23.2711	27.0725	3.80106	91.834	6.10064	2.03355	357.823	17.7031	15.2004	0.735259	-15.1805	0.256073	0	0	0	-2.77293	0.0875039	0.0875039	0.0875039	1.42919e+06
