# Sensor: Rotor
# Record count: 400
# Storage mode: Memory
# Datetime of save: 2026-04-08T11:29:09
# Statistical parameters for each field (time series) are placed above the column of the respective time series.

# Results earlier than the 'Statistics start time' (see below) are not included when calculating the statistic variables.
# Statistics start time: 0 s

# Column
1	2	3	4	5	6	7	8	9	10	11	12	13	14	15	16	17	18	19	20	21	22	23	24	25	26	27	
Time [s]	Power (aero) [k W]	Torque (aero) [k Nm]	Thrust (aero) [k N]	RPM [rpm]	TSR []	Representative demanded pitch angle [°]	Power coef. (CP) [%]	Thrust coef. (CT) [%]	Torque coef. (CQ) [%]	Tip speed [m/s]	1P (one revolution) [s]	nP (blade passing) [s]	Azimuth angle [°]	Rotation per timestep [°]	Wind speed at hub, magnitude [m/s]	Wind speed at hub.x [m/s]	Wind speed at hub.y [m/s]	Wind speed at hub.z [m/s]	Turbulence at hub (local).x [m/s]	Turbulence at hub (local).y [m/s]	Turbulence at hub (local).z [m/s]	Wind angle at hub [°]	Yaw angle relative to forward [°]	Yaw angle to reference direction [°]	Yaw error [°]	Torque about yaw axis [Nm]
----------	----------	----------	----------	----------	----------	----------	----------	----------	----------	----------	----------	----------	----------	----------	----------	----------	----------	----------	----------	----------	----------	----------	----------	----------	----------	----------
Min	0 [0s]	0 [0s]	590.603 [0.3s]	4.77465 [0s]	5.57287 [0s]	0 [0s]	0 [0s]	60.32 [0.3s]	0 [0s]	44.583 [0s]	7.9042 [35.7s]	2.63473 [35.7s]	0 [0s]	8.59437 [0s]	8 [0s]	0 [0s]	-8 [0s]	0 [0s]	0 [0s]	0 [0s]	0 [0s]	0 [0s]	-0.000502811 [34.8s]	-0.000502811 [34.8s]	-0.000502811 [34.8s]	-6469.24 [47.1s]
Max	4436.72 [22.8s]	6421.6 [12.9s]	949.625 [29.1s]	7.5909 [35.7s]	8.85995 [35.7s]	0 [0s]	56.6419 [22.8s]	96.9879 [29.1s]	7.35545 [12.9s]	70.8796 [35.7s]	12.5664 [0s]	4.18879 [0s]	359.907 [12.6s]	13.6636 [35.7s]	8 [0s]	0 [0s]	-8 [0s]	0 [0s]	0 [0s]	0 [0s]	0 [0s]	0 [0s]	0.000184265 [16.8s]	0.000184265 [16.8s]	0.000184265 [16.8s]	3761.28 [17.4s]
Mean	3667.79	5057.11	849.821	7.01264	8.18502	0	46.8252	86.7947	5.79254	65.4801	8.71435	2.90478	177.651	12.6228	8	0	-8	0	0	0	0	0	-0.000323237	-0.000323237	-0.000323237	-4345.28
Standard deviation	348.125	722.864	94.2386	0.827769	0.966156	0	4.44438	9.62486	0.827985	7.72925	1.3497	0.449901	104.277	1.48998	0	0	0	0	0	0	0	0	0.000185858	0.000185858	0.000185858	3221.28
----------	----------	----------	----------	----------	----------	----------	----------	----------	----------	----------	----------	----------	----------	----------	----------	----------	----------	----------	----------	----------	----------	----------	----------	----------	----------	----------
0	0	0	916.808	4.77465	5.57287	0	0	93.6362	0	44.583	12.5664	4.18879	0	8.59437	8	0	-8	0	0	0	0	0	0	0	0	0
0.3	3197.9	6395.8	590.603	4.77465	5.57288	0	40.8264	60.32	7.3259	44.583	12.5664	4.18879	0	8.59437	8	0	-8	0	0	0	0	0	0	0	0	-9.31323e-09
0.6	3198.25	6396.5	590.681	4.77465	5.57288	0	40.8308	60.3279	7.3267	44.583	12.5664	4.18879	8.59437	8.59438	8	0	-8	0	0	0	0	0	0	0	0	-0.30531
0.9	3198.22	6396.41	590.675	4.77467	5.5729	0	40.8304	60.3273	7.3266	44.5832	12.5663	4.18877	17.1887	8.59441	8	0	-8	0	0	0	0	0	0	0	0	-1.81193
1.2	3198.2	6396.3	590.671	4.77472	5.57296	0	40.8301	60.3269	7.32647	44.5837	12.5662	4.18873	25.7831	8.5945	8	0	-8	0	0	0	0	0	0	0	0	-2.90957
1.5	3198.18	6396.14	590.67	4.77482	5.57308	0	40.83	60.3268	7.32629	44.5846	12.5659	4.18864	34.3776	8.59468	8	0	-8	0	0	0	0	0	0	0	0	-1.76902
1.8	3198.18	6395.89	590.673	4.775	5.57328	0	40.8299	60.3271	7.326	44.5863	12.5655	4.18848	42.9722	8.595	8	0	-8	0	0	0	0	0	0	0	0	3.57454
2.1	3198.19	6395.53	590.682	4.77528	5.57362	0	40.83	60.3281	7.32559	44.5889	12.5647	4.18823	51.567	8.59551	8	0	-8	0	0	0	0	0	0	0	0	15.2595
2.4	3198.24	6395.06	590.703	4.77571	5.57412	0	40.8307	60.3302	7.32505	44.5929	12.5636	4.18786	60.1623	8.59628	8	0	-8	0	0	0	0	0	8.53774e-07	8.53774e-07	8.53774e-07	34.4488
2.7	3198.37	6394.5	590.74	4.77633	5.57483	0	40.8324	60.334	7.32441	44.5987	12.562	4.18732	68.7582	8.59739	8	0	-8	0	0	0	0	0	8.53774e-07	8.53774e-07	8.53774e-07	61.8089
3	3198.63	6393.88	590.801	4.77717	5.57582	0	40.8356	60.3402	7.3237	44.6065	12.5597	4.18658	77.355	8.5989	8	0	-8	0	0	0	0	0	1.47878e-06	1.47878e-06	1.47878e-06	96.7419
3.3	3199.06	6393.25	590.895	4.77829	5.57712	0	40.8411	60.3498	7.32298	44.617	12.5568	4.1856	85.9531	8.60091	8	0	-8	0	0	0	0	0	1.9091e-06	1.9091e-06	1.9091e-06	138.093
3.6	3199.73	6392.67	591.03	4.77973	5.5788	0	40.8497	60.3636	7.32231	44.6304	12.553	4.18434	94.553	8.60351	8	0	-8	0	0	0	0	0	2.41484e-06	2.41484e-06	2.41484e-06	183.905
3.9	3200.71	6392.18	591.215	4.78155	5.58093	0	40.8622	60.3825	7.32175	44.6474	12.5482	4.18275	103.155	8.60679	8	0	-8	0	0	0	0	0	3.07832e-06	3.07832e-06	3.07832e-06	232.213
4.2	3202.04	6391.82	591.459	4.7838	5.58356	0	40.8792	60.4074	7.32135	44.6685	12.5423	4.18077	111.76	8.61085	8	0	-8	0	0	0	0	0	3.91248e-06	3.91248e-06	3.91248e-06	281.214
4.5	3203.77	6391.62	591.771	4.78655	5.58676	0	40.9013	60.4393	7.32111	44.6941	12.5351	4.17838	120.369	8.61579	8	0	-8	0	0	0	0	0	4.75361e-06	4.75361e-06	4.75361e-06	329.662
4.8	3205.95	6391.56	592.16	4.78985	5.59061	0	40.9291	60.479	7.32104	44.7249	12.5265	4.1755	128.983	8.62172	8	0	-8	0	0	0	0	0	5.72729e-06	5.72729e-06	5.72729e-06	377.291
5.1	3208.61	6391.64	592.633	4.79376	5.59518	0	40.963	60.5273	7.32113	44.7614	12.5163	4.17209	137.601	8.62876	8	0	-8	0	0	0	0	0	6.77662e-06	6.77662e-06	6.77662e-06	424.252
5.4	3211.77	6391.83	593.198	4.79834	5.60053	0	41.0034	60.585	7.32135	44.8042	12.5043	4.16811	146.227	8.63701	8	0	-8	0	0	0	0	0	8.00911e-06	8.00911e-06	8.00911e-06	471.667
5.7	3215.48	6392.11	593.864	4.80366	5.60674	0	41.0507	60.653	7.32168	44.8539	12.4905	4.16349	154.859	8.64659	8	0	-8	0	0	0	0	0	9.35262e-06	9.35262e-06	9.35262e-06	520.904
6	3219.76	6392.46	594.639	4.80979	5.61389	0	41.1054	60.7322	7.32208	44.9111	12.4746	4.15819	163.501	8.65762	8	0	-8	0	0	0	0	0	1.07657e-05	1.07657e-05	1.07657e-05	573.359
6.3	3224.65	6392.88	595.533	4.81678	5.62205	0	41.1678	60.8235	7.32256	44.9764	12.4564	4.15215	172.153	8.67021	8	0	-8	0	0	0	0	0	1.23429e-05	1.23429e-05	1.23429e-05	630.057
6.6	3230.21	6393.38	596.555	4.82471	5.63131	0	41.2388	60.9279	7.32312	45.0505	12.436	4.14533	180.817	8.68448	8	0	-8	0	0	0	0	0	1.40808e-05	1.40808e-05	1.40808e-05	691.421
6.9	3236.48	6393.97	597.717	4.83364	5.64173	0	41.3189	61.0465	7.3238	45.1338	12.413	4.13767	189.495	8.70055	8	0	-8	0	0	0	0	0	1.59269e-05	1.59269e-05	1.59269e-05	757.131
7.2	3243.54	6394.68	599.029	4.84363	5.65339	0	41.4089	61.1805	7.32462	45.2271	12.3874	4.12914	198.187	8.71853	8	0	-8	0	0	0	0	0	1.79292e-05	1.79292e-05	1.79292e-05	826.675
7.5	3251.43	6395.57	600.503	4.85475	5.66637	0	41.5098	61.3311	7.32564	45.3309	12.359	4.11968	206.897	8.73855	8	0	-8	0	0	0	0	0	2.00954e-05	2.00954e-05	2.00954e-05	897.721
7.8	3260.23	6396.66	602.151	4.86706	5.68074	0	41.6221	61.4994	7.32689	45.4459	12.3278	4.10925	215.625	8.76072	8	0	-8	0	0	0	0	0	2.24105e-05	2.24105e-05	2.24105e-05	968.965
8.1	3270	6397.98	603.983	4.88064	5.69658	0	41.7468	61.6865	7.3284	45.5727	12.2935	4.09783	224.375	8.78515	8	0	-8	0	0	0	0	0	2.48476e-05	2.48476e-05	2.48476e-05	1038.98
8.4	3280.78	6399.54	606.011	4.89553	5.71397	0	41.8844	61.8936	7.33018	45.7117	12.2561	4.08536	233.148	8.81195	8	0	-8	0	0	0	0	0	2.74671e-05	2.74671e-05	2.74671e-05	1106.76
8.7	3292.61	6401.33	608.243	4.91181	5.73296	0	42.0354	62.1216	7.33223	45.8637	12.2155	4.07182	241.946	8.84125	8	0	-8	0	0	0	0	0	3.02217e-05	3.02217e-05	3.02217e-05	1171.99
9	3305.52	6403.33	610.69	4.92953	5.75364	0	42.2002	62.3715	7.33452	46.0292	12.1716	4.05719	250.773	8.87315	8	0	-8	0	0	0	0	0	3.31216e-05	3.31216e-05	3.31216e-05	1235.41
9.3	3319.52	6405.48	613.357	4.94875	5.77608	0	42.379	62.6439	7.33699	46.2087	12.1243	4.04143	259.63	8.90775	8	0	-8	0	0	0	0	0	3.61924e-05	3.61924e-05	3.61924e-05	1300.98
9.6	3334.52	6407.51	616.241	4.96953	5.80034	0	42.5705	62.9384	7.33931	46.4027	12.0736	4.02452	268.521	8.94516	8	0	-8	0	0	0	0	0	3.9468e-05	3.9468e-05	3.9468e-05	1380.76
9.9	3350.52	6409.37	619.345	4.99193	5.82648	0	42.7748	63.2555	7.34144	46.6119	12.0194	4.00647	277.447	8.98547	8	0	-8	0	0	0	0	0	4.29356e-05	4.29356e-05	4.29356e-05	1464.96
10.2	3367.56	6411.06	622.678	5.016	5.85457	0	42.9923	63.5959	7.34338	46.8366	11.9617	3.98724	286.412	9.02879	8	0	-8	0	0	0	0	0	4.65679e-05	4.65679e-05	4.65679e-05	1546.64
10.5	3385.66	6412.55	626.245	5.04178	5.88466	0	43.2234	63.9602	7.34509	47.0773	11.9006	3.96685	295.419	9.0752	8	0	-8	0	0	0	0	0	5.03871e-05	5.03871e-05	5.03871e-05	1635.63
10.8	3404.85	6413.86	630.058	5.06933	5.91682	0	43.4684	64.3496	7.34658	47.3345	11.8359	3.9453	304.471	9.12479	8	0	-8	0	0	0	0	0	5.4441e-05	5.4441e-05	5.4441e-05	1731.94
11.1	3425.22	6415.08	634.13	5.09869	5.95109	0	43.7285	64.7655	7.34798	47.6087	11.7677	3.92258	313.571	9.17764	8	0	-8	0	0	0	0	0	5.85691e-05	5.85691e-05	5.85691e-05	1796.75
11.4	3446.99	6416.56	638.491	5.1299	5.98752	0	44.0063	65.2109	7.34968	47.9001	11.6961	3.89871	322.723	9.23382	8	0	-8	0	0	0	0	0	6.28496e-05	6.28496e-05	6.28496e-05	1875.38
11.7	3470.07	6418.11	643.141	5.16301	6.02616	0	44.3011	65.6858	7.35146	48.2093	11.6211	3.87371	331.928	9.29342	8	0	-8	0	0	0	0	0	6.74697e-05	6.74697e-05	6.74697e-05	1971.26
12	3494.39	6419.51	648.072	5.19805	6.06706	0	44.6115	66.1895	7.35306	48.5365	11.5428	3.8476	341.192	9.35649	8	0	-8	0	0	0	0	0	7.22789e-05	7.22789e-05	7.22789e-05	2071.4
12.3	3519.93	6420.73	653.29	5.23506	6.11026	0	44.9376	66.7224	7.35445	48.8821	11.4612	3.8204	350.517	9.42311	8	0	-8	0	0	0	0	0	7.72701e-05	7.72701e-05	7.72701e-05	2174.51
12.6	3546.59	6421.51	658.787	5.27407	6.15579	0	45.2779	67.2838	7.35535	49.2463	11.3764	3.79214	359.907	9.49332	8	0	-8	0	0	0	0	0	8.25736e-05	8.25736e-05	8.25736e-05	2293.93
12.9	3574.23	6421.6	664.552	5.3151	6.20368	0	45.6308	67.8726	7.35545	49.6294	11.2886	3.76287	9.36498	9.56718	8	0	-8	0	0	0	0	0	8.81953e-05	8.81953e-05	8.81953e-05	2437.91
13.2	3602.88	6421.03	670.588	5.35817	6.25395	0	45.9966	68.489	7.35481	50.0316	11.1979	3.73262	18.8952	9.64471	8	0	-8	0	0	0	0	0	9.39151e-05	9.39151e-05	9.39151e-05	2547.24
13.5	3632.64	6419.99	676.914	5.40331	6.30663	0	46.3765	69.1352	7.35361	50.453	11.1043	3.70144	28.5012	9.72595	8	0	-8	0	0	0	0	0	9.96943e-05	9.96943e-05	9.96943e-05	2656.67
13.8	3663.57	6418.56	683.542	5.45052	6.36173	0	46.7713	69.8121	7.35198	50.8939	11.0081	3.66938	38.1865	9.81093	8	0	-8	0	0	0	0	0	0.000105727	0.000105727	0.000105727	2758.13
14.1	3695.66	6416.76	690.479	5.49981	6.41927	0	47.1811	70.5206	7.34991	51.3542	10.9095	3.63649	47.9549	9.89966	8	0	-8	0	0	0	0	0	0.0001119	0.0001119	0.0001119	2859.8
14.4	3728.87	6414.48	697.734	5.5512	6.47926	0	47.605	71.2615	7.34729	51.834	10.8085	3.60282	57.8102	9.99217	8	0	-8	0	0	0	0	0	0.000118124	0.000118124	0.000118124	2939.47
14.7	3763.55	6412.35	705.373	5.6047	6.54169	0	48.0478	72.0417	7.34486	52.3335	10.7053	3.56844	67.7561	10.0885	8	0	-8	0	0	0	0	0	0.000123956	0.000123956	0.000123956	2926.16
15	3799.82	6410.55	713.397	5.66029	6.60658	0	48.5108	72.8613	7.3428	52.8527	10.6002	3.53338	77.7965	10.1885	8	0	-8	0	0	0	0	0	0.000130107	0.000130107	0.000130107	2999.43
15.3	3837.34	6408.52	721.769	5.718	6.67394	0	48.9898	73.7164	7.34047	53.3915	10.4932	3.49773	87.935	10.2924	8	0	-8	0	0	0	0	0	0.000137067	0.000137067	0.000137067	3073.42
15.6	3876.07	6406.32	730.486	5.77769	6.74361	0	49.4843	74.6066	7.33796	53.9489	10.3848	3.46159	98.1754	10.3998	8	0	-8	0	0	0	0	0	0.00014553	0.00014553	0.00014553	3164.47
15.9	3915.46	6403.95	739.531	5.83857	6.81466	0	49.9872	75.5304	7.33524	54.5173	10.2765	3.4255	108.522	10.5094	8	0	-8	0	0	0	0	0	0.000162809	0.000162809	0.000162809	3256.35
16.2	3954.66	6400.81	748.764	5.89991	6.88626	0	50.4876	76.4734	7.33164	55.0901	10.1696	3.38988	118.976	10.6198	8	0	-8	0	0	0	0	0	0.00017445	0.00017445	0.00017445	3371.44
16.5	3993.39	6396.65	758.059	5.96156	6.95821	0	50.982	77.4228	7.32688	55.6657	10.0645	3.35483	129.541	10.7308	8	0	-8	0	0	0	0	0	0.000180807	0.000180807	0.000180807	3476.1
16.8	4031.62	6391.66	767.397	6.02334	7.03033	0	51.4702	78.3765	7.32116	56.2426	9.96124	3.32041	140.216	10.842	8	0	-8	0	0	0	0	0	0.000184265	0.000184265	0.000184265	3547.93
17.1	4068.87	6385.24	776.738	6.08511	7.10241	0	51.9457	79.3305	7.3138	56.8193	9.86014	3.28671	151.003	10.9532	8	0	-8	0	0	0	0	0	0.000170618	0.000170618	0.000170618	3678.19
17.4	4104.24	6376.22	786.009	6.14668	7.17428	0	52.3972	80.2774	7.30348	57.3942	9.76137	3.25379	161.9	11.064	8	0	-8	0	0	0	0	0	0.000157261	0.000157261	0.000157261	3761.28
17.7	4138.4	6365.9	795.191	6.20789	7.24573	0	52.8334	81.2151	7.29165	57.9659	9.66511	3.2217	172.909	11.1742	8	0	-8	0	0	0	0	0	0.00013922	0.00013922	0.00013922	3760.35
18	4171.42	6354.54	804.276	6.26861	7.3166	0	53.2549	82.143	7.27864	58.5328	9.5715	3.1905	184.028	11.2835	8	0	-8	0	0	0	0	0	0.000113082	0.000113082	0.000113082	3707.69
18.3	4203.24	6342.24	813.252	6.32867	7.3867	0	53.6611	83.0598	7.26456	59.0936	9.48066	3.16022	195.257	11.3916	8	0	-8	0	0	0	0	0	9.70076e-05	9.70076e-05	9.70076e-05	3603.07
18.6	4233.72	6328.95	822.092	6.38796	7.4559	0	54.0502	83.9627	7.24932	59.6472	9.39268	3.13089	206.594	11.4983	8	0	-8	0	0	0	0	0	8.07121e-05	8.07121e-05	8.07121e-05	3463.59
18.9	4262.71	6314.58	830.77	6.44632	7.52402	0	54.4203	84.8489	7.23288	60.1922	9.30763	3.10254	218.039	11.6034	8	0	-8	0	0	0	0	0	6.80453e-05	6.80453e-05	6.80453e-05	3317.84
19.2	4290.08	6299.12	839.264	6.50365	7.59093	0	54.7698	85.7165	7.21517	60.7274	9.22559	3.0752	229.59	11.7066	8	0	-8	0	0	0	0	0	6.61936e-05	6.61936e-05	6.61936e-05	3180.08
19.5	4314.85	6281.26	847.489	6.5598	7.65647	0	55.086	86.5565	7.1947	61.2518	9.14662	3.04887	241.245	11.8076	8	0	-8	0	0	0	0	0	6.45884e-05	6.45884e-05	6.45884e-05	3340.44
19.8	4335.87	6259.52	855.319	6.61464	7.72048	0	55.3543	87.3562	7.1698	61.7639	9.07078	3.02359	253.002	11.9064	8	0	-8	0	0	0	0	0	6.60227e-05	6.60227e-05	6.60227e-05	3364.68
20.1	4354.45	6235.99	862.798	6.66805	7.78282	0	55.5915	88.1201	7.14285	62.2626	8.99813	2.99938	264.859	12.0025	8	0	-8	0	0	0	0	0	6.36162e-05	6.36162e-05	6.36162e-05	3329.14
20.4	4370.88	6211.2	869.944	6.71993	7.84336	0	55.8013	88.8498	7.11445	62.7469	8.92867	2.97622	276.814	12.0959	8	0	-8	0	0	0	0	0	5.25262e-05	5.25262e-05	5.25262e-05	3244.1
20.7	4385.34	6185.5	876.766	6.77017	7.90201	0	55.9859	89.5466	7.08502	63.2161	8.8624	2.95413	288.863	12.1863	8	0	-8	0	0	0	0	0	3.72445e-05	3.72445e-05	3.72445e-05	3095.58
21	4397.92	6159.07	883.26	6.81873	7.95868	0	56.1465	90.2099	7.05474	63.6695	8.7993	2.9331	301.004	12.2737	8	0	-8	0	0	0	0	0	1.23429e-05	1.23429e-05	1.23429e-05	2914.39
21.3	4408.82	6132.25	889.447	6.86553	8.01331	0	56.2857	90.8418	7.02402	64.1065	8.73931	2.9131	313.234	12.358	8	0	-8	0	0	0	0	0	-1.96182e-05	-1.96182e-05	-1.96182e-05	2660.83
21.6	4418.09	6105.13	895.326	6.91053	8.06584	0	56.404	91.4422	6.99296	64.5267	8.6824	2.89413	325.55	12.439	8	0	-8	0	0	0	0	0	-5.45213e-05	-5.45213e-05	-5.45213e-05	2347.76
21.9	4425.76	6077.76	900.893	6.9537	8.11622	0	56.502	92.0108	6.96161	64.9298	8.6285	2.87617	337.948	12.5167	8	0	-8	0	0	0	0	0	-9.2598e-05	-9.2598e-05	-9.2598e-05	1992.24
22.2	4431.4	6049.56	906.105	6.99501	8.16443	0	56.5739	92.5431	6.92931	65.3155	8.57755	2.85918	350.426	12.591	8	0	-8	0	0	0	0	0	-0.000126592	-0.000126592	-0.000126592	1750.83
22.5	4435.05	6020.61	910.951	7.03443	8.21044	0	56.6205	93.038	6.89616	65.6835	8.52948	2.84316	2.97981	12.662	8	0	-8	0	0	0	0	0	-0.000155309	-0.000155309	-0.000155309	1459.45
22.8	4436.72	5990.94	915.422	7.07194	8.25423	0	56.6419	93.4946	6.86216	66.0338	8.48423	2.82808	15.6063	12.7295	8	0	-8	0	0	0	0	0	-0.000179315	-0.000179315	-0.000179315	1252.55
23.1	4436.59	5960.75	919.533	7.10755	8.29579	0	56.6402	93.9145	6.82759	66.3663	8.44173	2.81391	28.302	12.7936	8	0	-8	0	0	0	0	0	-0.000196162	-0.000196162	-0.000196162	968.068
23.4	4434.9	5930.36	923.304	7.14125	8.33513	0	56.6187	94.2997	6.79278	66.681	8.40189	2.80063	41.0636	12.8543	8	0	-8	0	0	0	0	0	-0.000209961	-0.000209961	-0.000209961	656.213
23.7	4431.82	5899.95	926.752	7.17307	8.37226	0	56.5793	94.6518	6.75794	66.9781	8.36462	2.78821	53.8875	12.9115	8	0	-8	0	0	0	0	0	-0.000221103	-0.000221103	-0.000221103	361.063
24	4427.44	5869.61	929.888	7.20303	8.40723	0	56.5234	94.9721	6.72319	67.2579	8.32983	2.77661	66.7704	12.9655	8	0	-8	0	0	0	0	0	-0.000230775	-0.000230775	-0.000230775	79.6963
24.3	4421.93	5839.49	932.726	7.23116	8.44007	0	56.453	95.2619	6.68869	67.5206	8.29742	2.76581	79.7089	13.0161	8	0	-8	0	0	0	0	0	-0.000243804	-0.000243804	-0.000243804	-193.607
24.6	4415.42	5809.72	935.282	7.25751	8.47083	0	56.3699	95.523	6.65459	67.7666	8.26729	2.75576	92.6996	13.0635	8	0	-8	0	0	0	0	0	-0.000260468	-0.000260468	-0.000260468	-476.926
24.9	4408.02	5780.39	937.571	7.28213	8.49956	0	56.2755	95.7568	6.62099	67.9965	8.23935	2.74645	105.739	13.1078	8	0	-8	0	0	0	0	0	-0.000281734	-0.000281734	-0.000281734	-756.866
25.2	4399.8	5751.49	939.601	7.30507	8.52633	0	56.1705	95.9641	6.58789	68.2106	8.21348	2.73783	118.825	13.1491	8	0	-8	0	0	0	0	0	-0.000307742	-0.000307742	-0.000307742	-1041.3
25.5	4390.84	5723.08	941.386	7.32638	8.5512	0	56.0562	96.1465	6.55535	68.4096	8.18959	2.72986	131.954	13.1875	8	0	-8	0	0	0	0	0	-0.000336125	-0.000336125	-0.000336125	-1341.32
25.8	4381.2	5695.17	942.935	7.34612	8.57425	0	55.9331	96.3047	6.52338	68.594	8.16757	2.72252	145.122	13.223	8	0	-8	0	0	0	0	0	-0.000365046	-0.000365046	-0.000365046	-1628.61
26.1	4370.88	5667.64	944.248	7.36441	8.5956	0	55.8013	96.4388	6.49185	68.7648	8.14729	2.71576	158.327	13.2559	8	0	-8	0	0	0	0	0	-0.000391731	-0.000391731	-0.000391731	-1889.5
26.4	4360.11	5640.51	945.347	7.38159	8.61565	0	55.6638	96.551	6.46078	68.9252	8.12833	2.70944	171.567	13.2869	8	0	-8	0	0	0	0	0	-0.00041532	-0.00041532	-0.00041532	-2158.14
26.7	4349.02	5613.76	946.282	7.39791	8.63469	0	55.5222	96.6465	6.43013	69.0775	8.1104	2.70347	184.838	13.3162	8	0	-8	0	0	0	0	0	-0.000429618	-0.000429618	-0.000429618	-2383.7
27	4337.63	5587.37	947.09	7.41338	8.65275	0	55.3768	96.729	6.39991	69.222	8.09347	2.69782	198.14	13.3441	8	0	-8	0	0	0	0	0	-0.000435814	-0.000435814	-0.000435814	-2607.47
27.3	4325.94	5561.32	947.776	7.42804	8.66986	0	55.2276	96.7991	6.37007	69.3588	8.07751	2.6925	211.47	13.3705	8	0	-8	0	0	0	0	0	-0.000435692	-0.000435692	-0.000435692	-2828.9
27.6	4313.97	5535.61	948.345	7.44189	8.68602	0	55.0747	96.8572	6.34061	69.4882	8.06247	2.68749	224.827	13.3954	8	0	-8	0	0	0	0	0	-0.000426157	-0.000426157	-0.000426157	-3047.65
27.9	4301.73	5510.23	948.801	7.45495	8.70127	0	54.9185	96.9038	6.31155	69.6102	8.04834	2.68278	238.21	13.4189	8	0	-8	0	0	0	0	0	-0.000416902	-0.000416902	-0.000416902	-3259.27
28.2	4289.3	5485.26	949.152	7.46725	8.71563	0	54.7598	96.9396	6.28294	69.725	8.03509	2.67836	251.617	13.441	8	0	-8	0	0	0	0	0	-0.000408529	-0.000408529	-0.000408529	-3448.79
28.5	4276.7	5460.69	949.401	7.4788	8.72911	0	54.5989	96.9651	6.25481	69.8329	8.02268	2.67423	265.047	13.4618	8	0	-8	0	0	0	0	0	-0.000401101	-0.000401101	-0.000401101	-3562.73
28.8	4263.98	5436.59	949.555	7.48963	8.74175	0	54.4366	96.9808	6.2272	69.934	8.01108	2.67036	278.499	13.4813	8	0	-8	0	0	0	0	0	-0.000403148	-0.000403148	-0.000403148	-3697.32
29.1	4251.25	5413.04	949.625	7.49975	8.75356	0	54.2741	96.9879	6.20023	70.0285	8.00026	2.66675	291.97	13.4996	8	0	-8	0	0	0	0	0	-0.000411351	-0.000411351	-0.000411351	-3841.47
29.4	4238.55	5390.07	949.618	7.5092	8.76459	0	54.1119	96.9872	6.17392	70.1167	7.9902	2.6634	305.461	13.5166	8	0	-8	0	0	0	0	0	-0.000424813	-0.000424813	-0.000424813	-3992.21
29.7	4225.89	5367.69	949.539	7.518	8.77486	0	53.9502	96.9791	6.14828	70.1989	7.98085	2.66028	318.969	13.5324	8	0	-8	0	0	0	0	0	-0.00044419	-0.00044419	-0.00044419	-4147.6
30	4213.27	5345.85	949.39	7.52616	8.78439	0	53.7891	96.9639	6.12326	70.2751	7.97219	2.6574	332.493	13.5471	8	0	-8	0	0	0	0	0	-0.000462211	-0.000462211	-0.000462211	-4303.49
30.3	4200.67	5324.51	949.172	7.53373	8.79322	0	53.6283	96.9416	6.09882	70.3458	7.96418	2.65473	346.033	13.5607	8	0	-8	0	0	0	0	0	-0.000478096	-0.000478096	-0.000478096	-4453.99
30.6	4188.05	5303.6	948.885	7.54071	8.80137	0	53.4672	96.9123	6.07487	70.411	7.95681	2.65227	359.587	13.5733	8	0	-8	0	0	0	0	0	-0.000489309	-0.000489309	-0.000489309	-4592.15
30.9	4175.39	5283.07	948.529	7.54714	8.80887	0	53.3056	96.876	6.05135	70.471	7.95003	2.65001	13.1537	13.5849	8	0	-8	0	0	0	0	0	-0.000492009	-0.000492009	-0.000492009	-4710.14
31.2	4162.69	5262.89	948.107	7.55303	8.81575	0	53.1434	96.8329	6.02824	70.526	7.94383	2.64794	26.7328	13.5955	8	0	-8	0	0	0	0	0	-0.000488484	-0.000488484	-0.000488484	-4781.54
31.5	4150	5243.11	947.624	7.5584	8.82201	0	52.9814	96.7836	6.00559	70.5761	7.93819	2.64606	40.3229	13.6051	8	0	-8	0	0	0	0	0	-0.000478985	-0.000478985	-0.000478985	-4846.71
31.8	4137.38	5223.8	947.091	7.56327	8.8277	0	52.8203	96.7291	5.98347	70.6216	7.93307	2.64436	53.9232	13.6139	8	0	-8	0	0	0	0	0	-0.000466043	-0.000466043	-0.000466043	-4896.58
32.1	4124.91	5205.04	946.515	7.56767	8.83283	0	52.6611	96.6703	5.96197	70.6627	7.92846	2.64282	67.5327	13.6218	8	0	-8	0	0	0	0	0	-0.000453723	-0.000453723	-0.000453723	-4934.64
32.4	4112.66	5186.88	945.906	7.57161	8.83744	0	52.5047	96.6081	5.94117	70.6995	7.92434	2.64145	81.1506	13.6289	8	0	-8	0	0	0	0	0	-0.000443672	-0.000443672	-0.000443672	-4968.67
32.7	4100.67	5169.36	945.271	7.57513	8.84154	0	52.3517	96.5432	5.92111	70.7323	7.92066	2.64022	94.7759	13.6352	8	0	-8	0	0	0	0	0	-0.000439014	-0.000439014	-0.000439014	-5007.7
33	4088.97	5152.5	944.612	7.57823	8.84516	0	52.2023	96.476	5.90179	70.7613	7.91742	2.63914	108.408	13.6408	8	0	-8	0	0	0	0	0	-0.000440945	-0.000440945	-0.000440945	-5059.05
33.3	4077.54	5136.26	943.933	7.58095	8.84833	0	52.0564	96.4066	5.88319	70.7866	7.91458	2.63819	122.046	13.6457	8	0	-8	0	0	0	0	0	-0.00044853	-0.00044853	-0.00044853	-5127.19
33.6	4066.37	5120.59	943.234	7.5833	8.85107	0	51.9137	96.3352	5.86524	70.8086	7.91213	2.63738	135.689	13.6499	8	0	-8	0	0	0	0	0	-0.000460971	-0.000460971	-0.000460971	-5212.53
33.9	4055.39	5105.42	942.512	7.5853	8.85341	0	51.7736	96.2614	5.84787	70.8273	7.91004	2.63668	149.337	13.6535	8	0	-8	0	0	0	0	0	-0.000475407	-0.000475407	-0.000475407	-5311.69
34.2	4044.58	5090.68	941.765	7.58697	8.85537	0	51.6355	96.1851	5.83099	70.8429	7.90829	2.6361	162.989	13.6566	8	0	-8	0	0	0	0	0	-0.000488805	-0.000488805	-0.000488805	-5414.61
34.5	4033.87	5076.3	940.99	7.58833	8.85695	0	51.4988	96.106	5.81451	70.8556	7.90687	2.63562	176.644	13.659	8	0	-8	0	0	0	0	0	-0.000498681	-0.000498681	-0.000498681	-5495.1
34.8	4023.24	5062.22	940.186	7.58939	8.85819	0	51.3632	96.0239	5.79838	70.8655	7.90577	2.63526	190.302	13.6609	8	0	-8	0	0	0	0	0	-0.000502811	-0.000502811	-0.000502811	-5553.64
35.1	4012.7	5048.43	939.355	7.59016	8.85909	0	51.2285	95.939	5.7826	70.8727	7.90497	2.63499	203.962	13.6623	8	0	-8	0	0	0	0	0	-0.000501255	-0.000501255	-0.000501255	-5622.66
35.4	4002.26	5034.97	938.5	7.59066	8.85967	0	51.0952	95.8517	5.76717	70.8774	7.90445	2.63482	217.623	13.6632	8	0	-8	0	0	0	0	0	-0.000494675	-0.000494675	-0.000494675	-5686.39
35.7	3991.95	5021.85	937.627	7.5909	8.85995	0	50.9637	95.7625	5.75214	70.8796	7.9042	2.63473	231.286	13.6636	8	0	-8	0	0	0	0	0	-0.000484108	-0.000484108	-0.000484108	-5739.76
36	3981.81	5009.1	936.739	7.59089	8.85993	0	50.8343	95.6719	5.73755	70.8795	7.90422	2.63474	244.949	13.6636	8	0	-8	0	0	0	0	0	-0.000472329	-0.000472329	-0.000472329	-5784.16
36.3	3971.88	4996.77	935.843	7.59064	8.85964	0	50.7074	95.5803	5.72342	70.8772	7.90447	2.63482	258.613	13.6632	8	0	-8	0	0	0	0	0	-0.00046183	-0.00046183	-0.00046183	-5822.72
36.6	3962.17	4984.86	934.94	7.59017	8.8591	0	50.5835	95.4881	5.70978	70.8728	7.90496	2.63499	272.276	13.6623	8	0	-8	0	0	0	0	0	-0.000454686	-0.000454686	-0.000454686	-5859.2
36.9	3952.71	4973.39	934.035	7.5895	8.85831	0	50.4626	95.3957	5.69664	70.8665	7.90566	2.63522	285.939	13.6611	8	0	-8	0	0	0	0	0	-0.000452581	-0.000452581	-0.000452581	-5897.03
37.2	3943.47	4962.35	933.128	7.58863	8.85729	0	50.3448	95.3031	5.68399	70.8584	7.90657	2.63552	299.601	13.6595	8	0	-8	0	0	0	0	0	-0.00045568	-0.00045568	-0.00045568	-5938.45
37.5	3934.46	4951.69	932.22	7.58757	8.85607	0	50.2297	95.2103	5.67179	70.8485	7.90767	2.63589	313.261	13.6576	8	0	-8	0	0	0	0	0	-0.000463222	-0.000463222	-0.000463222	-5984.16
37.8	3925.65	4941.4	931.31	7.58635	8.85464	0	50.1173	95.1174	5.66	70.8371	7.90894	2.63631	326.92	13.6554	8	0	-8	0	0	0	0	0	-0.000473564	-0.000473564	-0.000473564	-6033.32
38.1	3917.02	4931.43	930.397	7.58497	8.85303	0	50.007	95.0241	5.64858	70.8242	7.91038	2.63679	340.576	13.6529	8	0	-8	0	0	0	0	0	-0.0004843	-0.0004843	-0.0004843	-6083.62
38.4	3908.53	4921.74	929.48	7.58344	8.85124	0	49.8987	94.9304	5.63748	70.8099	7.91198	2.63733	354.23	13.6502	8	0	-8	0	0	0	0	0	-0.000493163	-0.000493163	-0.000493163	-6131.74
38.7	3900.19	4912.32	928.558	7.58176	8.84928	0	49.7921	94.8363	5.62668	70.7943	7.91373	2.63791	7.88193	13.6472	8	0	-8	0	0	0	0	0	-0.000498233	-0.000498233	-0.000498233	-6174.05
39	3891.96	4903.13	927.632	7.57996	8.84717	0	49.6872	94.7418	5.61616	70.7774	7.91561	2.63854	21.5306	13.6439	8	0	-8	0	0	0	0	0	-0.000498387	-0.000498387	-0.000498387	-6207.24
39.3	3883.87	4894.19	926.704	7.57802	8.84492	0	49.5839	94.6469	5.60592	70.7594	7.91763	2.63921	35.1762	13.6404	8	0	-8	0	0	0	0	0	-0.00049364	-0.00049364	-0.00049364	-6229.22
39.6	3875.92	4885.49	925.774	7.57597	8.84253	0	49.4824	94.5519	5.59595	70.7402	7.91977	2.63992	48.8183	13.6368	8	0	-8	0	0	0	0	0	-0.00048494	-0.00048494	-0.00048494	-6239.6
39.9	3868.12	4877.04	924.844	7.57381	8.84	0	49.3828	94.457	5.58628	70.72	7.92203	2.64068	62.4569	13.6329	8	0	-8	0	0	0	0	0	-0.00047408	-0.00047408	-0.00047408	-6239.98
40.2	3860.48	4868.87	923.918	7.57155	8.83736	0	49.2853	94.3624	5.57692	70.6989	7.9244	2.64147	76.0917	13.6288	8	0	-8	0	0	0	0	0	-0.000463266	-0.000463266	-0.000463266	-6233.81
40.5	3853.02	4860.98	922.997	7.56919	8.83461	0	49.19	94.2683	5.56788	70.6769	7.92687	2.64229	89.7226	13.6245	8	0	-8	0	0	0	0	0	-0.000454602	-0.000454602	-0.000454602	-6225.76
40.8	3845.75	4853.36	922.082	7.56675	8.83176	0	49.0971	94.1749	5.55916	70.6541	7.92943	2.64314	103.349	13.6201	8	0	-8	0	0	0	0	0	-0.000449718	-0.000449718	-0.000449718	-6220.77
41.1	3838.65	4846.03	921.174	7.56422	8.82881	0	49.0066	94.0822	5.55075	70.6305	7.93208	2.64403	116.972	13.6156	8	0	-8	0	0	0	0	0	-0.000449388	-0.000449388	-0.000449388	-6222.89
41.4	3831.73	4838.95	920.274	7.56162	8.82578	0	48.9182	93.9902	5.54265	70.6062	7.9348	2.64493	130.589	13.6109	8	0	-8	0	0	0	0	0	-0.0004534	-0.0004534	-0.0004534	-6234.52
41.7	3824.98	4832.13	919.381	7.55896	8.82267	0	48.832	93.899	5.53483	70.5813	7.9376	2.64587	144.203	13.6061	8	0	-8	0	0	0	0	0	-0.000460645	-0.000460645	-0.000460645	-6255.86
42	3818.38	4825.53	918.494	7.55623	8.81949	0	48.7477	93.8084	5.52727	70.5559	7.94046	2.64682	157.811	13.6012	8	0	-8	0	0	0	0	0	-0.000469352	-0.000469352	-0.000469352	-6285.02
42.3	3811.92	4819.13	917.614	7.55346	8.81624	0	48.6652	93.7185	5.51995	70.5299	7.94338	2.64779	171.415	13.5962	8	0	-8	0	0	0	0	0	-0.000477488	-0.000477488	-0.000477488	-6318.59
42.6	3805.58	4812.93	916.739	7.55063	8.81294	0	48.5844	93.6292	5.51284	70.5035	7.94636	2.64879	185.014	13.5911	8	0	-8	0	0	0	0	0	-0.000483201	-0.000483201	-0.000483201	-6352.52
42.9	3799.37	4806.91	915.87	7.54775	8.80959	0	48.5051	93.5404	5.50594	70.4767	7.94939	2.6498	198.607	13.586	8	0	-8	0	0	0	0	0	-0.000485192	-0.000485192	-0.000485192	-6383.06
43.2	3793.28	4801.05	915.007	7.54484	8.80618	0	48.4273	93.4522	5.49924	70.4495	7.95246	2.65082	212.196	13.5807	8	0	-8	0	0	0	0	0	-0.000482982	-0.000482982	-0.000482982	-6407.5
43.5	3787.31	4795.37	914.15	7.54188	8.80274	0	48.3511	93.3648	5.49273	70.4219	7.95557	2.65186	225.779	13.5754	8	0	-8	0	0	0	0	0	-0.000476968	-0.000476968	-0.000476968	-6422.98
43.8	3781.46	4789.86	913.301	7.5389	8.79925	0	48.2764	93.278	5.48642	70.394	7.95872	2.65291	239.357	13.57	8	0	-8	0	0	0	0	0	-0.000468326	-0.000468326	-0.000468326	-6428.89
44.1	3775.74	4784.53	912.46	7.53589	8.79574	0	48.2034	93.1921	5.48031	70.3659	7.9619	2.65397	252.93	13.5646	8	0	-8	0	0	0	0	0	-0.000458817	-0.000458817	-0.000458817	-6430.76
44.4	3770.15	4779.37	911.627	7.53285	8.79219	0	48.132	93.1071	5.4744	70.3375	7.96511	2.65504	266.497	13.5591	8	0	-8	0	0	0	0	0	-0.00045026	-0.00045026	-0.00045026	-6428.21
44.7	3764.69	4774.38	910.804	7.52979	8.78862	0	48.0623	93.023	5.46869	70.309	7.96835	2.65612	280.059	13.5536	8	0	-8	0	0	0	0	0	-0.00044419	-0.00044419	-0.00044419	-6422.86
45	3759.36	4769.57	909.991	7.52672	8.78504	0	47.9942	92.94	5.46318	70.2803	7.9716	2.6572	293.615	13.5481	8	0	-8	0	0	0	0	0	-0.000441689	-0.000441689	-0.000441689	-6417.62
45.3	3754.16	4764.93	909.189	7.52363	8.78143	0	47.9279	92.858	5.45787	70.2515	7.97487	2.65829	307.166	13.5425	8	0	-8	0	0	0	0	0	-0.00044302	-0.00044302	-0.00044302	-6417.42
45.6	3749.09	4760.45	908.396	7.52053	8.77782	0	47.8631	92.7771	5.45274	70.2225	7.97816	2.65939	320.712	13.537	8	0	-8	0	0	0	0	0	-0.000447601	-0.000447601	-0.000447601	-6422.52
45.9	3744.13	4756.13	907.613	7.51743	8.77419	0	47.7999	92.6971	5.44778	70.1935	7.98145	2.66048	334.251	13.5314	8	0	-8	0	0	0	0	0	-0.000454182	-0.000454182	-0.000454182	-6431.22
46.2	3739.3	4751.95	906.84	7.51432	8.77056	0	47.7381	92.6182	5.44299	70.1645	7.98476	2.66159	347.786	13.5258	8	0	-8	0	0	0	0	0	-0.000461107	-0.000461107	-0.000461107	-6442.23
46.5	3734.57	4747.9	906.077	7.51121	8.76693	0	47.6778	92.5403	5.43836	70.1355	7.98806	2.66269	1.31413	13.5202	8	0	-8	0	0	0	0	0	-0.000466718	-0.000466718	-0.000466718	-6453.75
46.8	3729.94	4743.99	905.324	7.5081	8.76331	0	47.6187	92.4633	5.43388	70.1065	7.99137	2.66379	14.8371	13.5146	8	0	-8	0	0	0	0	0	-0.000469652	-0.000469652	-0.000469652	-6463.51
47.1	3725.42	4740.2	904.579	7.505	8.75968	0	47.561	92.3873	5.42953	70.0775	7.99467	2.66489	28.3545	13.509	8	0	-8	0	0	0	0	0	-0.000469138	-0.000469138	-0.000469138	-6469.24
47.4	3721	4736.52	903.845	7.5019	8.75607	0	47.5045	92.3122	5.42533	70.0485	7.99798	2.66599	41.8663	13.5034	8	0	-8	0	0	0	0	0	-0.000465161	-0.000465161	-0.000465161	-6469.22
47.7	3716.67	4732.96	903.119	7.49881	8.75246	0	47.4493	92.2382	5.42125	70.0197	8.00127	2.66709	55.3725	13.4979	8	0	-8	0	0	0	0	0	-0.000458423	-0.000458423	-0.000458423	-6462.71
48	3712.44	4729.52	902.404	7.49573	8.74886	0	47.3952	92.1651	5.4173	69.9909	8.00456	2.66819	68.8731	13.4923	8	0	-8	0	0	0	0	0	-0.000450203	-0.000450203	-0.000450203	-6450.3
48.3	3708.3	4726.18	901.698	7.49266	8.74528	0	47.3424	92.093	5.41348	69.9623	8.00784	2.66928	82.3682	13.4868	8	0	-8	0	0	0	0	0	-0.000442061	-0.000442061	-0.000442061	-6433.86
48.6	3704.25	4722.95	901.002	7.4896	8.74171	0	47.2907	92.0219	5.40978	69.9337	8.01111	2.67037	95.8577	13.4813	8	0	-8	0	0	0	0	0	-0.000435502	-0.000435502	-0.000435502	-6416.19
48.9	3700.3	4719.82	900.316	7.48656	8.73817	0	47.2403	91.9518	5.4062	69.9053	8.01436	2.67145	109.342	13.4758	8	0	-8	0	0	0	0	0	-0.000431668	-0.000431668	-0.000431668	-6400.39
49.2	3696.44	4716.8	899.639	7.48354	8.73463	0	47.191	91.8828	5.40274	69.8771	8.0176	2.67253	122.82	13.4704	8	0	-8	0	0	0	0	0	-0.000431099	-0.000431099	-0.000431099	-6389.1
49.5	3692.67	4713.88	898.974	7.48053	8.73113	0	47.1428	91.8147	5.3994	69.849	8.02082	2.67361	136.293	13.465	8	0	-8	0	0	0	0	0	-0.000433632	-0.000433632	-0.000433632	-6383.9
49.8	3688.98	4711.07	898.318	7.47754	8.72764	0	47.0958	91.7478	5.39617	69.8211	8.02403	2.67468	149.761	13.4596	8	0	-8	0	0	0	0	0	-0.000438463	-0.000438463	-0.000438463	-6385.03
50.1	3685.39	4708.35	897.673	7.47458	8.72418	0	47.0499	91.6819	5.39305	69.7934	8.02721	2.67574	163.223	13.4542	8	0	-8	0	0	0	0	0	-0.000444326	-0.000444326	-0.000444326	-6391.4
50.4	3681.88	4705.72	897.037	7.47163	8.72074	0	47.0052	91.617	5.39004	69.7659	8.03038	2.67679	176.68	13.4489	8	0	-8	0	0	0	0	0	-0.000449775	-0.000449775	-0.000449775	-6401
50.7	3678.46	4703.19	896.412	7.46871	8.71733	0	46.9615	91.5532	5.38714	69.7386	8.03352	2.67784	190.132	13.4437	8	0	-8	0	0	0	0	0	-0.000453496	-0.000453496	-0.000453496	-6411.4
51	3675.12	4700.74	895.798	7.46581	8.71395	0	46.9188	91.4904	5.38434	69.7116	8.03663	2.67888	203.578	13.4385	8	0	-8	0	0	0	0	0	-0.000454576	-0.000454576	-0.000454576	-6420.36
51.3	3671.86	4698.37	895.193	7.46294	8.7106	0	46.8772	91.4286	5.38163	69.6848	8.03973	2.67991	217.019	13.4333	8	0	-8	0	0	0	0	0	-0.000452684	-0.000452684	-0.000452684	-6426.24
51.6	3668.67	4696.09	894.597	7.4601	8.70728	0	46.8365	91.3678	5.37901	69.6582	8.04279	2.68093	230.455	13.4282	8	0	-8	0	0	0	0	0	-0.000448122	-0.000448122	-0.000448122	-6428.21
51.9	3665.56	4693.87	894.011	7.45728	8.70399	0	46.7967	91.3079	5.37647	69.6319	8.04583	2.68194	243.886	13.4231	8	0	-8	0	0	0	0	0	-0.000441751	-0.000441751	-0.000441751	-6426.26
52.2	3662.51	4691.72	893.434	7.45449	8.70073	0	46.7578	91.249	5.37401	69.6058	8.04885	2.68295	257.311	13.4181	8	0	-8	0	0	0	0	0	-0.000434786	-0.000434786	-0.000434786	-6421.03
52.5	3659.53	4689.64	892.866	7.45172	8.6975	0	46.7197	91.1909	5.37163	69.58	8.05183	2.68394	270.732	13.4131	8	0	-8	0	0	0	0	0	-0.000428539	-0.000428539	-0.000428539	-6413.6
52.8	3656.61	4687.62	892.307	7.44899	8.69431	0	46.6825	91.1338	5.36931	69.5545	8.05479	2.68493	284.148	13.4082	8	0	-8	0	0	0	0	0	-0.000424136	-0.000424136	-0.000424136	-6405.23
53.1	3653.75	4685.66	891.756	7.44628	8.69115	0	46.646	91.0776	5.36706	69.5292	8.05771	2.6859	297.558	13.4033	8	0	-8	0	0	0	0	0	-0.000422293	-0.000422293	-0.000422293	-6397.21
53.4	3650.95	4683.76	891.215	7.44361	8.68803	0	46.6103	91.0223	5.36489	69.5042	8.06061	2.68687	310.964	13.3985	8	0	-8	0	0	0	0	0	-0.000423169	-0.000423169	-0.000423169	-6390.66
53.7	3648.22	4681.92	890.682	7.44096	8.68494	0	46.5754	90.9679	5.36278	69.4795	8.06348	2.68783	324.365	13.3937	8	0	-8	0	0	0	0	0	-0.000426351	-0.000426351	-0.000426351	-6386.38
54	3645.56	4680.14	890.159	7.43834	8.68189	0	46.5414	90.9145	5.36075	69.4551	8.06631	2.68877	337.761	13.389	8	0	-8	0	0	0	0	0	-0.000430947	-0.000430947	-0.000430947	-6384.65
54.3	3642.96	4678.43	889.645	7.43576	8.67887	0	46.5082	90.862	5.35879	69.4309	8.06912	2.68971	351.152	13.3844	8	0	-8	0	0	0	0	0	-0.000435771	-0.000435771	-0.000435771	-6383.74
54.6	3640.43	4676.79	889.141	7.4332	8.67589	0	46.4759	90.8105	5.3569	69.4071	8.07189	2.69063	4.53907	13.3798	8	0	-8	0	0	0	0	0	-0.000439616	-0.000439616	-0.000439616	-6382.43
54.9	3637.96	4675.21	888.646	7.43068	8.67294	0	46.4444	90.7599	5.35509	69.3835	8.07463	2.69154	17.9211	13.3752	8	0	-8	0	0	0	0	0	-0.000441555	-0.000441555	-0.000441555	-6381.41
55.2	3635.55	4673.68	888.16	7.42819	8.67003	0	46.4137	90.7103	5.35334	69.3603	8.07734	2.69245	31.2986	13.3707	8	0	-8	0	0	0	0	0	-0.000441089	-0.000441089	-0.000441089	-6381.43
55.5	3633.2	4672.21	887.683	7.42573	8.66716	0	46.3837	90.6616	5.35166	69.3373	8.08002	2.69334	44.6716	13.3663	8	0	-8	0	0	0	0	0	-0.000438189	-0.000438189	-0.000438189	-6379.62
55.8	3630.91	4670.78	887.214	7.4233	8.66433	0	46.3544	90.6137	5.35003	69.3146	8.08266	2.69422	58.0401	13.3619	8	0	-8	0	0	0	0	0	-0.000433335	-0.000433335	-0.000433335	-6373.99
56.1	3628.66	4669.4	886.753	7.42091	8.66154	0	46.3257	90.5666	5.34844	69.2923	8.08527	2.69509	71.4043	13.3576	8	0	-8	0	0	0	0	0	-0.000427447	-0.000427447	-0.000427447	-6364.12
56.4	3626.47	4668.06	886.299	7.41854	8.65878	0	46.2977	90.5203	5.3469	69.2702	8.08784	2.69595	84.764	13.3534	8	0	-8	0	0	0	0	0	-0.000421597	-0.000421597	-0.000421597	-6348.35
56.7	3624.31	4666.75	885.854	7.41621	8.65606	0	46.2701	90.4748	5.3454	69.2485	8.09038	2.69679	98.1196	13.3492	8	0	-8	0	0	0	0	0	-0.000416892	-0.000416892	-0.000416892	-6332.08
57	3622.19	4665.47	885.415	7.41392	8.65338	0	46.2431	90.4299	5.34394	69.227	8.09289	2.69763	111.471	13.345	8	0	-8	0	0	0	0	0	-0.000414193	-0.000414193	-0.000414193	-6317.48
57.3	3620.12	4664.23	884.983	7.41165	8.65073	0	46.2167	90.3859	5.34252	69.2058	8.09536	2.69845	124.818	13.341	8	0	-8	0	0	0	0	0	-0.000413816	-0.000413816	-0.000413816	-6306.2
57.6	3618.09	4663.02	884.559	7.40941	8.64812	0	46.1908	90.3426	5.34113	69.185	8.09781	2.69927	138.161	13.3369	8	0	-8	0	0	0	0	0	-0.000415667	-0.000415667	-0.000415667	-6300.64
57.9	3616.11	4661.85	884.143	7.40721	8.64555	0	46.1655	90.3001	5.3398	69.1644	8.10022	2.70007	151.5	13.333	8	0	-8	0	0	0	0	0	-0.00041918	-0.00041918	-0.00041918	-6300.24
58.2	3614.18	4660.72	883.735	7.40504	8.64301	0	46.1408	90.2584	5.33851	69.1441	8.10259	2.70086	164.835	13.3291	8	0	-8	0	0	0	0	0	-0.000423386	-0.000423386	-0.000423386	-6302.54
58.5	3612.3	4659.65	883.335	7.4029	8.64052	0	46.1168	90.2175	5.33727	69.1241	8.10493	2.70164	178.166	13.3252	8	0	-8	0	0	0	0	0	-0.000427279	-0.000427279	-0.000427279	-6306.87
58.8	3610.46	4658.61	882.942	7.40079	8.63806	0	46.0934	90.1774	5.33608	69.1044	8.10724	2.70241	191.493	13.3214	8	0	-8	0	0	0	0	0	-0.00042992	-0.00042992	-0.00042992	-6311.39
59.1	3608.68	4657.62	882.558	7.39871	8.63563	0	46.0706	90.1382	5.33495	69.0851	8.10952	2.70317	204.816	13.3177	8	0	-8	0	0	0	0	0	-0.000430641	-0.000430641	-0.000430641	-6314.3
59.4	3606.94	4656.66	882.181	7.39667	8.63324	0	46.0484	90.0997	5.33385	69.066	8.11176	2.70392	218.136	13.314	8	0	-8	0	0	0	0	0	-0.000429238	-0.000429238	-0.000429238	-6314.45
59.7	3605.25	4655.74	881.812	7.39465	8.63089	0	46.0268	90.062	5.33279	69.0472	8.11397	2.70466	231.452	13.3104	8	0	-8	0	0	0	0	0	-0.000425925	-0.000425925	-0.000425925	-6311.53
60	3603.59	4654.84	881.449	7.39267	8.62858	0	46.0056	90.0249	5.33177	69.0287	8.11614	2.70538	244.764	13.3068	8	0	-8	0	0	0	0	0	-0.000421336	-0.000421336	-0.000421336	-6306.02
60.3	3601.96	4653.97	881.092	7.39072	8.6263	0	45.9848	89.9884	5.33077	69.0104	8.11829	2.7061	258.073	13.3033	8	0	-8	0	0	0	0	0	-0.000416362	-0.000416362	-0.000416362	-6299.28
60.6	3600.36	4653.11	880.741	7.3888	8.62406	0	45.9644	89.9526	5.32979	68.9925	8.1204	2.7068	271.378	13.2998	8	0	-8	0	0	0	0	0	-0.000411937	-0.000411937	-0.000411937	-6292.4
60.9	3598.79	4652.27	880.396	7.38691	8.62186	0	45.9444	89.9174	5.32882	68.9749	8.12248	2.70749	284.679	13.2964	8	0	-8	0	0	0	0	0	-0.000408851	-0.000408851	-0.000408851	-6284.81
61.2	3597.25	4651.45	880.057	7.38505	8.61968	0	45.9247	89.8828	5.32788	68.9575	8.12452	2.70817	297.977	13.2931	8	0	-8	0	0	0	0	0	-0.000407594	-0.000407594	-0.000407594	-6276.84
61.5	3595.74	4650.65	879.724	7.38322	8.61755	0	45.9053	89.8487	5.32696	68.9404	8.12654	2.70885	311.272	13.2898	8	0	-8	0	0	0	0	0	-0.000408287	-0.000408287	-0.000408287	-6270.28
61.8	3594.26	4649.87	879.397	7.38142	8.61544	0	45.8864	89.8153	5.32607	68.9236	8.12852	2.70951	324.564	13.2866	8	0	-8	0	0	0	0	0	-0.00041063	-0.00041063	-0.00041063	-6265.29
62.1	3592.81	4649.11	879.076	7.37964	8.61338	0	45.868	89.7825	5.3252	68.907	8.13047	2.71016	337.852	13.2834	8	0	-8	0	0	0	0	0	-0.00041397	-0.00041397	-0.00041397	-6262.23
62.4	3591.4	4648.39	878.762	7.3779	8.61134	0	45.85	89.7504	5.32438	68.8907	8.13239	2.7108	351.137	13.2802	8	0	-8	0	0	0	0	0	-0.000417478	-0.000417478	-0.000417478	-6261.02
62.7	3590.04	4647.7	878.454	7.37619	8.60934	0	45.8326	89.719	5.32359	68.8747	8.13429	2.71143	4.41844	13.2771	8	0	-8	0	0	0	0	0	-0.000420323	-0.000420323	-0.000420323	-6262.38
63	3588.71	4647.05	878.152	7.3745	8.60737	0	45.8156	89.6882	5.32284	68.8589	8.13615	2.71205	17.6971	13.2741	8	0	-8	0	0	0	0	0	-0.000421807	-0.000421807	-0.000421807	-6265.33
63.3	3587.41	4646.42	877.857	7.37284	8.60543	0	45.7991	89.6581	5.32212	68.8435	8.13798	2.71266	30.9727	13.2711	8	0	-8	0	0	0	0	0	-0.000421519	-0.000421519	-0.000421519	-6267.24
63.6	3586.15	4645.81	877.569	7.37121	8.60353	0	45.783	89.6286	5.32142	68.8282	8.13978	2.71326	44.2453	13.2682	8	0	-8	0	0	0	0	0	-0.000419447	-0.000419447	-0.000419447	-6265.76
63.9	3584.92	4645.22	877.286	7.36961	8.60166	0	45.7672	89.5997	5.32075	68.8133	8.14155	2.71385	57.515	13.2653	8	0	-8	0	0	0	0	0	-0.000415966	-0.000415966	-0.000415966	-6259.34
64.2	3583.7	4644.64	877.008	7.36803	8.59982	0	45.7517	89.5713	5.32008	68.7986	8.14329	2.71443	70.7817	13.2625	8	0	-8	0	0	0	0	0	-0.000411729	-0.000411729	-0.000411729	-6247.72
64.5	3582.51	4644.07	876.735	7.36648	8.59801	0	45.7365	89.5434	5.31943	68.7841	8.145	2.715	84.0456	13.2597	8	0	-8	0	0	0	0	0	-0.000407552	-0.000407552	-0.000407552	-6232.16
64.8	3581.34	4643.51	876.466	7.36496	8.59624	0	45.7215	89.516	5.31879	68.7699	8.14668	2.71556	97.3066	13.2569	8	0	-8	0	0	0	0	0	-0.000404262	-0.000404262	-0.000404262	-6220.25
65.1	3580.19	4642.96	876.201	7.36346	8.59449	0	45.7069	89.4889	5.31816	68.7559	8.14834	2.71611	110.565	13.2542	8	0	-8	0	0	0	0	0	-0.000402444	-0.000402444	-0.000402444	-6209.54
65.4	3579.06	4642.42	875.94	7.36199	8.59277	0	45.6924	89.4623	5.31754	68.7422	8.14997	2.71666	123.821	13.2516	8	0	-8	0	0	0	0	0	-0.000402301	-0.000402301	-0.000402301	-6203.49
65.7	3577.94	4641.89	875.685	7.36055	8.59109	0	45.6782	89.4362	5.31693	68.7287	8.15157	2.71719	137.073	13.249	8	0	-8	0	0	0	0	0	-0.000403755	-0.000403755	-0.000403755	-6201.73
66	3576.86	4641.37	875.434	7.35913	8.58943	0	45.6643	89.4106	5.31634	68.7154	8.15314	2.71771	150.324	13.2464	8	0	-8	0	0	0	0	0	-0.000406354	-0.000406354	-0.000406354	-6202.96
66.3	3575.8	4640.88	875.189	7.35773	8.5878	0	45.6508	89.3855	5.31577	68.7024	8.15469	2.71823	163.571	13.2439	8	0	-8	0	0	0	0	0	-0.000409416	-0.000409416	-0.000409416	-6205.35
66.6	3574.76	4640.4	874.949	7.35636	8.5862	0	45.6376	89.3611	5.31523	68.6896	8.15621	2.71874	176.817	13.2415	8	0	-8	0	0	0	0	0	-0.000412218	-0.000412218	-0.000412218	-6207.06
66.9	3573.76	4639.95	874.715	7.35501	8.58463	0	45.6248	89.3371	5.31471	68.677	8.1577	2.71923	190.059	13.239	8	0	-8	0	0	0	0	0	-0.000414081	-0.000414081	-0.000414081	-6206.71
67.2	3572.78	4639.51	874.486	7.35369	8.58308	0	45.6123	89.3137	5.31421	68.6647	8.15917	2.71972	203.3	13.2366	8	0	-8	0	0	0	0	0	-0.00041456	-0.00041456	-0.00041456	-6203.31
67.5	3571.83	4639.1	874.261	7.35239	8.58156	0	45.6002	89.2908	5.31374	68.6525	8.16061	2.7202	216.537	13.2343	8	0	-8	0	0	0	0	0	-0.000413528	-0.000413528	-0.000413528	-6196.4
67.8	3570.91	4638.71	874.04	7.35111	8.58007	0	45.5884	89.2683	5.31329	68.6406	8.16203	2.72068	229.773	13.232	8	0	-8	0	0	0	0	0	-0.000411216	-0.000411216	-0.000411216	-6195.95
68.1	3570.01	4638.32	873.824	7.34986	8.57861	0	45.5769	89.2462	5.31285	68.6289	8.16342	2.72114	243.006	13.2297	8	0	-8	0	0	0	0	0	-0.000408076	-0.000408076	-0.000408076	-6197.78
68.4	3569.11	4637.94	873.612	7.34863	8.57718	0	45.5655	89.2245	5.31241	68.6174	8.16479	2.7216	256.237	13.2275	8	0	-8	0	0	0	0	0	-0.000404642	-0.000404642	-0.000404642	-6199.52
68.7	3568.23	4637.56	873.403	7.34742	8.57577	0	45.5543	89.2031	5.31198	68.6061	8.16613	2.72204	269.466	13.2254	8	0	-8	0	0	0	0	0	-0.00040159	-0.00040159	-0.00040159	-6200.09
69	3567.37	4637.18	873.198	7.34624	8.57438	0	45.5432	89.1822	5.31154	68.595	8.16745	2.72248	282.692	13.2232	8	0	-8	0	0	0	0	0	-0.000399494	-0.000399494	-0.000399494	-6198.57
69.3	3566.51	4636.8	872.996	7.34507	8.57302	0	45.5322	89.1616	5.3111	68.5842	8.16874	2.72291	295.916	13.2211	8	0	-8	0	0	0	0	0	-0.000398671	-0.000398671	-0.000398671	-6194.43
69.6	3565.66	4636.42	872.798	7.34393	8.57168	0	45.5214	89.1413	5.31067	68.5735	8.17002	2.72334	309.138	13.2191	8	0	-8	0	0	0	0	0	-0.000399221	-0.000399221	-0.000399221	-6187.81
69.9	3564.83	4636.06	872.603	7.3428	8.57037	0	45.5108	89.1214	5.31025	68.563	8.17127	2.72376	322.359	13.217	8	0	-8	0	0	0	0	0	-0.000400907	-0.000400907	-0.000400907	-6176.43
70.2	3564.03	4635.71	872.412	7.3417	8.56908	0	45.5005	89.1019	5.30985	68.5527	8.1725	2.72417	335.577	13.2151	8	0	-8	0	0	0	0	0	-0.0004033	-0.0004033	-0.0004033	-6167.34
70.5	3563.24	4635.37	872.225	7.34061	8.56782	0	45.4905	89.0828	5.30946	68.5425	8.17371	2.72457	348.793	13.2131	8	0	-8	0	0	0	0	0	-0.000405866	-0.000405866	-0.000405866	-6162.82
70.8	3562.48	4635.05	872.042	7.33955	8.56657	0	45.4808	89.0641	5.30909	68.5326	8.17489	2.72496	2.0067	13.2112	8	0	-8	0	0	0	0	0	-0.000407982	-0.000407982	-0.000407982	-6167.51
71.1	3561.74	4634.75	871.863	7.3385	8.56536	0	45.4713	89.0459	5.30875	68.5228	8.17605	2.72535	15.2188	13.2093	8	0	-8	0	0	0	0	0	-0.000409132	-0.000409132	-0.000409132	-6174.82
71.4	3561.02	4634.46	871.689	7.33748	8.56416	0	45.4622	89.0281	5.30842	68.5133	8.1772	2.72573	28.4291	13.2075	8	0	-8	0	0	0	0	0	-0.000408989	-0.000408989	-0.000408989	-6181.23
71.7	3560.32	4634.18	871.518	7.33647	8.56298	0	45.4532	89.0107	5.3081	68.5039	8.17832	2.72611	41.6375	13.2056	8	0	-8	0	0	0	0	0	-0.000407549	-0.000407549	-0.000407549	-6184.48
72	3559.63	4633.91	871.351	7.33548	8.56183	0	45.4444	88.9936	5.30779	68.4946	8.17942	2.72647	54.844	13.2039	8	0	-8	0	0	0	0	0	-0.000405101	-0.000405101	-0.000405101	-6182.93
72.3	3558.96	4633.64	871.187	7.33451	8.5607	0	45.4358	88.9768	5.30749	68.4856	8.1805	2.72683	68.0488	13.2021	8	0	-8	0	0	0	0	0	-0.000402088	-0.000402088	-0.000402088	-6173.85
72.6	3558.29	4633.38	871.025	7.33356	8.55959	0	45.4273	88.9603	5.30718	68.4767	8.18156	2.72719	81.2518	13.2004	8	0	-8	0	0	0	0	0	-0.000399112	-0.000399112	-0.000399112	-6158.89
72.9	3557.63	4633.11	870.866	7.33263	8.5585	0	45.4189	88.944	5.30688	68.468	8.1826	2.72753	94.4531	13.1987	8	0	-8	0	0	0	0	0	-0.000396784	-0.000396784	-0.000396784	-6144.65
73.2	3556.98	4632.84	870.709	7.33171	8.55743	0	45.4105	88.928	5.30656	68.4594	8.18363	2.72788	107.653	13.1971	8	0	-8	0	0	0	0	0	-0.000395521	-0.000395521	-0.000395521	-6133.54
73.5	3556.33	4632.56	870.555	7.33081	8.55638	0	45.4023	88.9123	5.30625	68.451	8.18463	2.72821	120.851	13.1955	8	0	-8	0	0	0	0	0	-0.000395495	-0.000395495	-0.000395495	-6127.32
73.8	3555.7	4632.3	870.404	7.32993	8.55535	0	45.3942	88.8968	5.30595	68.4428	8.18562	2.72854	134.047	13.1939	8	0	-8	0	0	0	0	0	-0.000396652	-0.000396652	-0.000396652	-6130.8
74.1	3555.08	4632.04	870.255	7.32906	8.55434	0	45.3863	88.8816	5.30565	68.4347	8.18658	2.72886	147.241	13.1923	8	0	-8	0	0	0	0	0	-0.000398634	-0.000398634	-0.000398634	-6136.46
74.4	3554.47	4631.79	870.11	7.32821	8.55334	0	45.3786	88.8668	5.30536	68.4268	8.18754	2.72918	160.435	13.1908	8	0	-8	0	0	0	0	0	-0.000400899	-0.000400899	-0.000400899	-6142.25
74.7	3553.89	4631.55	869.968	7.32738	8.55237	0	45.3711	88.8523	5.30509	68.419	8.18847	2.72949	173.626	13.1893	8	0	-8	0	0	0	0	0	-0.000402952	-0.000402952	-0.000402952	-6146.36
75	3553.32	4631.33	869.829	7.32656	8.55141	0	45.3639	88.8381	5.30484	68.4113	8.18939	2.7298	186.816	13.1878	8	0	-8	0	0	0	0	0	-0.000404278	-0.000404278	-0.000404278	-6142.2
75.3	3552.77	4631.12	869.693	7.32575	8.55047	0	45.3568	88.8243	5.3046	68.4038	8.19028	2.73009	200.005	13.1864	8	0	-8	0	0	0	0	0	-0.000404583	-0.000404583	-0.000404583	-6136.99
75.6	3552.24	4630.92	869.561	7.32496	8.54955	0	45.35	88.8107	5.30437	68.3964	8.19117	2.73039	213.192	13.1849	8	0	-8	0	0	0	0	0	-0.000403872	-0.000403872	-0.000403872	-6132.2
75.9	3551.71	4630.73	869.431	7.32419	8.54865	0	45.3433	88.7975	5.30415	68.3892	8.19203	2.73068	226.377	13.1835	8	0	-8	0	0	0	0	0	-0.000402216	-0.000402216	-0.000402216	-6128.77
76.2	3551.19	4630.54	869.304	7.32343	8.54776	0	45.3367	88.7845	5.30393	68.3821	8.19288	2.73096	239.562	13.1822	8	0	-8	0	0	0	0	0	-0.000399955	-0.000399955	-0.000399955	-6127.4
76.5	3550.68	4630.34	869.179	7.32269	8.54689	0	45.3302	88.7717	5.3037	68.3751	8.19372	2.73124	252.745	13.1808	8	0	-8	0	0	0	0	0	-0.000397568	-0.000397568	-0.000397568	-6129.44
76.8	3550.18	4630.14	869.055	7.32195	8.54604	0	45.3237	88.7591	5.30348	68.3683	8.19453	2.73151	265.926	13.1795	8	0	-8	0	0	0	0	0	-0.000395479	-0.000395479	-0.000395479	-6134.73
77.1	3549.68	4629.94	868.934	7.32124	8.5452	0	45.3173	88.7467	5.30325	68.3616	8.19534	2.73178	279.106	13.1782	8	0	-8	0	0	0	0	0	-0.000394071	-0.000394071	-0.000394071	-6137.95
77.4	3549.18	4629.74	868.814	7.32053	8.54438	0	45.311	88.7345	5.30302	68.3551	8.19612	2.73204	292.285	13.177	8	0	-8	0	0	0	0	0	-0.000393554	-0.000393554	-0.000393554	-6136.27
77.7	3548.69	4629.54	868.696	7.31984	8.54358	0	45.3048	88.7224	5.30279	68.3486	8.1969	2.7323	305.463	13.1757	8	0	-8	0	0	0	0	0	-0.000393963	-0.000393963	-0.000393963	-6127.67
78	3548.22	4629.35	868.58	7.31917	8.54278	0	45.2987	88.7106	5.30257	68.3423	8.19766	2.73255	318.639	13.1745	8	0	-8	0	0	0	0	0	-0.000395204	-0.000395204	-0.000395204	-6119.34
78.3	3547.75	4629.16	868.467	7.3185	8.54201	0	45.2927	88.699	5.30235	68.3361	8.1984	2.7328	331.814	13.1733	8	0	-8	0	0	0	0	0	-0.00039698	-0.00039698	-0.00039698	-6112.99
78.6	3547.29	4628.98	868.357	7.31785	8.54125	0	45.2869	88.6877	5.30214	68.33	8.19913	2.73304	344.988	13.1721	8	0	-8	0	0	0	0	0	-0.000398844	-0.000398844	-0.000398844	-6109.89
78.9	3546.85	4628.81	868.249	7.31721	8.5405	0	45.2812	88.6767	5.30194	68.324	8.19985	2.73328	358.161	13.171	8	0	-8	0	0	0	0	0	-0.000400373	-0.000400373	-0.000400373	-6110.62
79.2	3546.42	4628.64	868.144	7.31658	8.53976	0	45.2757	88.666	5.30176	68.3181	8.20056	2.73352	11.3323	13.1698	8	0	-8	0	0	0	0	0	-0.000401213	-0.000401213	-0.000401213	-6114.79
79.5	3546	4628.49	868.041	7.31596	8.53904	0	45.2704	88.6555	5.30158	68.3123	8.20125	2.73375	24.5027	13.1687	8	0	-8	0	0	0	0	0	-0.000401158	-0.000401158	-0.000401158	-6123.1
79.8	3545.6	4628.34	867.94	7.31535	8.53834	0	45.2653	88.6452	5.30141	68.3067	8.20193	2.73398	37.6719	13.1676	8	0	-8	0	0	0	0	0	-0.000400193	-0.000400193	-0.000400193	-6130
80.1	3545.2	4628.2	867.841	7.31476	8.53764	0	45.2602	88.6351	5.30125	68.3012	8.20259	2.7342	50.8401	13.1666	8	0	-8	0	0	0	0	0	-0.000398441	-0.000398441	-0.000398441	-6128.25
80.4	3544.81	4628.06	867.743	7.31418	8.53697	0	45.2552	88.6251	5.30109	68.2957	8.20324	2.73441	64.0072	13.1655	8	0	-8	0	0	0	0	0	-0.000396268	-0.000396268	-0.000396268	-6120.09
80.7	3544.43	4627.92	867.647	7.31361	8.5363	0	45.2503	88.6153	5.30093	68.2904	8.20388	2.73463	77.1733	13.1645	8	0	-8	0	0	0	0	0	-0.000394173	-0.000394173	-0.000394173	-6109.9
81	3544.04	4627.77	867.553	7.31305	8.53565	0	45.2454	88.6056	5.30076	68.2852	8.20451	2.73484	90.3383	13.1635	8	0	-8	0	0	0	0	0	-0.000392543	-0.000392543	-0.000392543	-6099.71
81.3	3543.66	4627.62	867.46	7.3125	8.535	0	45.2405	88.5961	5.30058	68.28	8.20513	2.73504	103.502	13.1625	8	0	-8	0	0	0	0	0	-0.000391678	-0.000391678	-0.000391678	-6091.63
81.6	3543.28	4627.46	867.368	7.31196	8.53437	0	45.2356	88.5868	5.3004	68.275	8.20573	2.73524	116.665	13.1615	8	0	-8	0	0	0	0	0	-0.000391723	-0.000391723	-0.000391723	-6087.36
81.9	3542.9	4627.3	867.278	7.31143	8.53376	0	45.2308	88.5776	5.30022	68.2701	8.20633	2.73544	129.827	13.1606	8	0	-8	0	0	0	0	0	-0.000392597	-0.000392597	-0.000392597	-6087.69
82.2	3542.53	4627.15	867.19	7.31091	8.53315	0	45.2261	88.5686	5.30004	68.2652	8.20691	2.73564	142.988	13.1596	8	0	-8	0	0	0	0	0	-0.000394071	-0.000394071	-0.000394071	-6092.71
82.5	3542.17	4627	867.104	7.3104	8.53255	0	45.2215	88.5598	5.29988	68.2604	8.20748	2.73583	156.148	13.1587	8	0	-8	0	0	0	0	0	-0.000395779	-0.000395779	-0.000395779	-6101.25
82.8	3541.83	4626.87	867.019	7.3099	8.53197	0	45.2171	88.5511	5.29973	68.2558	8.20805	2.73602	169.308	13.1578	8	0	-8	0	0	0	0	0	-0.000397251	-0.000397251	-0.000397251	-6101.51
83.1	3541.5	4626.75	866.936	7.30941	8.5314	0	45.2129	88.5427	5.29959	68.2512	8.2086	2.7362	182.466	13.1569	8	0	-8	0	0	0	0	0	-0.000398172	-0.000398172	-0.000398172	-6099.25
83.4	3541.17	4626.63	866.856	7.30893	8.53083	0	45.2088	88.5345	5.29946	68.2467	8.20914	2.73638	195.623	13.1561	8	0	-8	0	0	0	0	0	-0.000398419	-0.000398419	-0.000398419	-6095.82
83.7	3540.86	4626.52	866.777	7.30845	8.53028	0	45.2048	88.5264	5.29933	68.2423	8.20967	2.73656	208.78	13.1552	8	0	-8	0	0	0	0	0	-0.00039789	-0.00039789	-0.00039789	-6092.18
84	3540.55	4626.41	866.7	7.30799	8.52974	0	45.2008	88.5186	5.2992	68.2379	8.21019	2.73673	221.935	13.1544	8	0	-8	0	0	0	0	0	-0.000396697	-0.000396697	-0.000396697	-6089.39
84.3	3540.25	4626.3	866.625	7.30754	8.52921	0	45.1969	88.5109	5.29908	68.2337	8.2107	2.7369	235.09	13.1536	8	0	-8	0	0	0	0	0	-0.00039511	-0.00039511	-0.00039511	-6088.41
84.6	3539.94	4626.19	866.551	7.30709	8.52869	0	45.1931	88.5033	5.29894	68.2295	8.2112	2.73707	248.244	13.1528	8	0	-8	0	0	0	0	0	-0.000393417	-0.000393417	-0.000393417	-6089.73
84.9	3539.64	4626.07	866.478	7.30665	8.52818	0	45.1892	88.4958	5.29881	68.2254	8.21169	2.73723	261.397	13.152	8	0	-8	0	0	0	0	0	-0.000391972	-0.000391972	-0.000391972	-6093.17
85.2	3539.34	4625.94	866.405	7.30622	8.52768	0	45.1853	88.4884	5.29867	68.2214	8.21218	2.73739	274.55	13.1512	8	0	-8	0	0	0	0	0	-0.00039104	-0.00039104	-0.00039104	-6098.39
85.5	3539.04	4625.83	866.333	7.3058	8.52719	0	45.1816	88.481	5.29853	68.2175	8.21265	2.73755	287.701	13.1504	8	0	-8	0	0	0	0	0	-0.000390699	-0.000390699	-0.000390699	-6095.4
85.8	3538.75	4625.71	866.262	7.30539	8.52671	0	45.1779	88.4738	5.2984	68.2136	8.21311	2.7377	300.852	13.1497	8	0	-8	0	0	0	0	0	-0.000391012	-0.000391012	-0.000391012	-6090.49
86.1	3538.47	4625.59	866.193	7.30498	8.52623	0	45.1742	88.4667	5.29826	68.2099	8.21357	2.73786	314.002	13.149	8	0	-8	0	0	0	0	0	-0.000391949	-0.000391949	-0.000391949	-6084.92
86.4	3538.19	4625.48	866.125	7.30458	8.52577	0	45.1706	88.4598	5.29813	68.2061	8.21402	2.73801	327.152	13.1483	8	0	-8	0	0	0	0	0	-0.000393233	-0.000393233	-0.000393233	-6080.2
86.7	3537.91	4625.37	866.059	7.30419	8.52531	0	45.1671	88.4531	5.29801	68.2025	8.21446	2.73815	340.3	13.1475	8	0	-8	0	0	0	0	0	-0.000394576	-0.000394576	-0.000394576	-6077.67
87	3537.65	4625.26	865.995	7.30381	8.52487	0	45.1638	88.4465	5.29789	68.1989	8.21489	2.7383	353.448	13.1469	8	0	-8	0	0	0	0	0	-0.00039574	-0.00039574	-0.00039574	-6078.18
87.3	3537.4	4625.17	865.933	7.30345	8.52445	0	45.1606	88.4402	5.29777	68.1956	8.21529	2.73843	6.59526	13.1462	8	0	-8	0	0	0	0	0	-0.000396341	-0.000396341	-0.000396341	-6081.77
87.6	3537.16	4625.07	865.874	7.30311	8.52404	0	45.1575	88.4341	5.29767	68.1923	8.21568	2.73856	19.7418	13.1456	8	0	-8	0	0	0	0	0	-0.000396279	-0.000396279	-0.000396279	-6087.63
87.9	3536.93	4624.98	865.817	7.30278	8.52366	0	45.1546	88.4284	5.29756	68.1893	8.21605	2.73868	32.8877	13.145	8	0	-8	0	0	0	0	0	-0.000395556	-0.000395556	-0.000395556	-6092.99
88.2	3536.71	4624.89	865.762	7.30247	8.52329	0	45.1518	88.4227	5.29746	68.1864	8.2164	2.7388	46.033	13.1444	8	0	-8	0	0	0	0	0	-0.000394129	-0.000394129	-0.000394129	-6091.74
88.5	3536.5	4624.8	865.709	7.30217	8.52295	0	45.1491	88.4173	5.29735	68.1836	8.21674	2.73891	59.1777	13.1439	8	0	-8	0	0	0	0	0	-0.00039242	-0.00039242	-0.00039242	-6086.88
88.8	3536.29	4624.7	865.658	7.30189	8.52262	0	45.1464	88.4121	5.29724	68.1809	8.21705	2.73902	72.3219	13.1434	8	0	-8	0	0	0	0	0	-0.000390782	-0.000390782	-0.000390782	-6079.52
89.1	3536.08	4624.6	865.609	7.30162	8.5223	0	45.1437	88.4071	5.29712	68.1784	8.21736	2.73912	85.4656	13.1429	8	0	-8	0	0	0	0	0	-0.000389433	-0.000389433	-0.000389433	-6071.42
89.4	3535.87	4624.49	865.561	7.30136	8.522	0	45.141	88.4022	5.297	68.176	8.21765	2.73922	98.6087	13.1425	8	0	-8	0	0	0	0	0	-0.000388743	-0.000388743	-0.000388743	-6064.57
89.7	3535.66	4624.37	865.516	7.30112	8.52172	0	45.1384	88.3976	5.29687	68.1738	8.21792	2.73931	111.751	13.142	8	0	-8	0	0	0	0	0	-0.000388755	-0.000388755	-0.000388755	-6060.76
90	3535.46	4624.26	865.472	7.30088	8.52145	0	45.1358	88.3931	5.29673	68.1716	8.21818	2.73939	124.894	13.1416	8	0	-8	0	0	0	0	0	-0.000389401	-0.000389401	-0.000389401	-6060.97
90.3	3535.27	4624.14	865.43	7.30066	8.52119	0	45.1333	88.3889	5.2966	68.1695	8.21843	2.73948	138.035	13.1412	8	0	-8	0	0	0	0	0	-0.000390583	-0.000390583	-0.000390583	-6065.18
90.6	3535.08	4624.03	865.39	7.30045	8.52094	0	45.131	88.3848	5.29648	68.1675	8.21867	2.73956	151.177	13.1408	8	0	-8	0	0	0	0	0	-0.000391912	-0.000391912	-0.000391912	-6070.07
90.9	3534.91	4623.94	865.352	7.30025	8.5207	0	45.1288	88.3808	5.29637	68.1656	8.2189	2.73963	164.318	13.1404	8	0	-8	0	0	0	0	0	-0.00039307	-0.00039307	-0.00039307	-6071.86
91.2	3534.74	4623.85	865.315	7.30005	8.52048	0	45.1267	88.3771	5.29626	68.1638	8.21912	2.73971	177.458	13.1401	8	0	-8	0	0	0	0	0	-0.00039384	-0.00039384	-0.00039384	-6071.73
91.5	3534.59	4623.76	865.28	7.29987	8.52026	0	45.1247	88.3735	5.29616	68.1621	8.21933	2.73978	190.599	13.1398	8	0	-8	0	0	0	0	0	-0.000394033	-0.000394033	-0.000394033	-6069.88
91.8	3534.44	4623.67	865.246	7.29969	8.52006	0	45.1228	88.3701	5.29606	68.1604	8.21953	2.73984	203.739	13.1394	8	0	-8	0	0	0	0	0	-0.000393635	-0.000393635	-0.000393635	-6067.19
92.1	3534.29	4623.58	865.214	7.29952	8.51986	0	45.1208	88.3668	5.29596	68.1589	8.21971	2.7399	216.878	13.1391	8	0	-8	0	0	0	0	0	-0.000392726	-0.000392726	-0.000392726	-6064.82
92.4	3534.14	4623.49	865.183	7.29936	8.51967	0	45.1189	88.3636	5.29585	68.1574	8.2199	2.73997	230.018	13.1389	8	0	-8	0	0	0	0	0	-0.000391488	-0.000391488	-0.000391488	-6063.87
92.7	3533.98	4623.39	865.153	7.29921	8.51949	0	45.117	88.3605	5.29574	68.1559	8.22007	2.74002	243.157	13.1386	8	0	-8	0	0	0	0	0	-0.000390196	-0.000390196	-0.000390196	-6065.11
93	3533.83	4623.28	865.123	7.29906	8.51932	0	45.115	88.3575	5.29561	68.1546	8.22023	2.74008	256.295	13.1383	8	0	-8	0	0	0	0	0	-0.000389092	-0.000389092	-0.000389092	-6068.66
93.3	3533.67	4623.16	865.094	7.29892	8.51916	0	45.113	88.3545	5.29548	68.1532	8.22039	2.74013	269.434	13.1381	8	0	-8	0	0	0	0	0	-0.000388378	-0.000388378	-0.000388378	-6071.9
93.6	3533.52	4623.05	865.065	7.29878	8.519	0	45.1111	88.3515	5.29536	68.152	8.22055	2.74018	282.572	13.1378	8	0	-8	0	0	0	0	0	-0.000388141	-0.000388141	-0.000388141	-6071.29
93.9	3533.38	4622.94	865.036	7.29865	8.51884	0	45.1092	88.3486	5.29523	68.1508	8.22069	2.74023	295.71	13.1376	8	0	-8	0	0	0	0	0	-0.000388413	-0.000388413	-0.000388413	-6069.13
94.2	3533.23	4622.83	865.009	7.29853	8.5187	0	45.1074	88.3458	5.2951	68.1496	8.22083	2.74028	308.847	13.1374	8	0	-8	0	0	0	0	0	-0.000389155	-0.000389155	-0.000389155	-6065.64
94.5	3533.09	4622.72	864.982	7.29841	8.51856	0	45.1056	88.3431	5.29498	68.1485	8.22097	2.74032	321.985	13.1371	8	0	-8	0	0	0	0	0	-0.000390171	-0.000390171	-0.000390171	-6062.15
94.8	3532.95	4622.62	864.957	7.29829	8.51842	0	45.1038	88.3405	5.29485	68.1474	8.2211	2.74037	335.122	13.1369	8	0	-8	0	0	0	0	0	-0.00039124	-0.00039124	-0.00039124	-6060.04
95.1	3532.82	4622.51	864.933	7.29818	8.51829	0	45.1021	88.3381	5.29473	68.1463	8.22123	2.74041	348.259	13.1367	8	0	-8	0	0	0	0	0	-0.00039214	-0.00039214	-0.00039214	-6060.37
95.4	3532.69	4622.41	864.91	7.29807	8.51817	0	45.1004	88.3357	5.29462	68.1453	8.22135	2.74045	1.39606	13.1365	8	0	-8	0	0	0	0	0	-0.000392661	-0.000392661	-0.000392661	-6063.59
95.7	3532.56	4622.31	864.887	7.29797	8.51804	0	45.0988	88.3334	5.2945	68.1444	8.22147	2.74049	14.5327	13.1363	8	0	-8	0	0	0	0	0	-0.0003927	-0.0003927	-0.0003927	-6069.32
96	3532.43	4622.21	864.866	7.29787	8.51793	0	45.0972	88.3312	5.29439	68.1434	8.22158	2.74053	27.6691	13.1362	8	0	-8	0	0	0	0	0	-0.000392232	-0.000392232	-0.000392232	-6074.73
96.3	3532.31	4622.11	864.844	7.29777	8.51782	0	45.0956	88.329	5.29427	68.1425	8.22169	2.74056	40.8054	13.136	8	0	-8	0	0	0	0	0	-0.000391307	-0.000391307	-0.000391307	-6075.26
96.6	3532.19	4622.01	864.822	7.29768	8.51771	0	45.0941	88.3267	5.29416	68.1417	8.22179	2.7406	53.9415	13.1358	8	0	-8	0	0	0	0	0	-0.000390138	-0.000390138	-0.000390138	-6073.47
96.9	3532.07	4621.91	864.801	7.29759	8.5176	0	45.0926	88.3246	5.29404	68.1408	8.22189	2.74063	67.0774	13.1357	8	0	-8	0	0	0	0	0	-0.000389	-0.000389	-0.000389	-6068.9
97.2	3531.95	4621.8	864.779	7.2975	8.5175	0	45.091	88.3224	5.29392	68.14	8.22199	2.74066	80.2131	13.1355	8	0	-8	0	0	0	0	0	-0.000388106	-0.000388106	-0.000388106	-6063.04
97.5	3531.82	4621.69	864.759	7.29742	8.5174	0	45.0893	88.3203	5.29379	68.1392	8.22209	2.7407	93.3487	13.1354	8	0	-8	0	0	0	0	0	-0.000387645	-0.000387645	-0.000387645	-6057.72
97.8	3531.69	4621.57	864.738	7.29734	8.51731	0	45.0877	88.3182	5.29366	68.1384	8.22218	2.74073	106.484	13.1352	8	0	-8	0	0	0	0	0	-0.000387706	-0.000387706	-0.000387706	-6054.69
98.1	3531.56	4621.45	864.718	7.29726	8.51721	0	45.0861	88.3162	5.29352	68.1377	8.22227	2.74076	119.619	13.1351	8	0	-8	0	0	0	0	0	-0.000388246	-0.000388246	-0.000388246	-6055.11
98.4	3531.43	4621.34	864.699	7.29718	8.51712	0	45.0844	88.3142	5.29339	68.137	8.22236	2.74079	132.755	13.1349	8	0	-8	0	0	0	0	0	-0.000389142	-0.000389142	-0.000389142	-6059.24
98.7	3531.31	4621.22	864.68	7.2971	8.51703	0	45.0828	88.3122	5.29326	68.1363	8.22244	2.74081	145.89	13.1348	8	0	-8	0	0	0	0	0	-0.00039017	-0.00039017	-0.00039017	-6065.06
99	3531.19	4621.11	864.661	7.29703	8.51695	0	45.0813	88.3103	5.29313	68.1356	8.22253	2.74084	159.024	13.1347	8	0	-8	0	0	0	0	0	-0.000391055	-0.000391055	-0.000391055	-6067.02
99.3	3531.08	4621.01	864.643	7.29696	8.51686	0	45.0799	88.3084	5.29302	68.1349	8.22261	2.74087	172.159	13.1345	8	0	-8	0	0	0	0	0	-0.000391618	-0.000391618	-0.000391618	-6068.28
99.6	3530.97	4620.92	864.625	7.29689	8.51678	0	45.0785	88.3066	5.29291	68.1343	8.22268	2.74089	185.294	13.1344	8	0	-8	0	0	0	0	0	-0.00039178	-0.00039178	-0.00039178	-6067.31
99.9	3530.87	4620.82	864.607	7.29682	8.5167	0	45.0772	88.3048	5.2928	68.1336	8.22276	2.74092	198.428	13.1343	8	0	-8	0	0	0	0	0	-0.000391491	-0.000391491	-0.000391491	-6064.92
100.2	3530.76	4620.72	864.591	7.29675	8.51663	0	45.0758	88.3031	5.29269	68.133	8.22284	2.74095	211.562	13.1342	8	0	-8	0	0	0	0	0	-0.000390833	-0.000390833	-0.000390833	-6062.36
100.5	3530.65	4620.62	864.574	7.29669	8.51655	0	45.0745	88.3014	5.29257	68.1324	8.22291	2.74097	224.697	13.134	8	0	-8	0	0	0	0	0	-0.000389965	-0.000389965	-0.000389965	-6060.93
100.8	3530.54	4620.52	864.558	7.29663	8.51648	0	45.0731	88.2998	5.29245	68.1318	8.22298	2.74099	237.831	13.1339	8	0	-8	0	0	0	0	0	-0.000389056	-0.000389056	-0.000389056	-6061.63
101.1	3530.43	4620.41	864.542	7.29656	8.5164	0	45.0716	88.2981	5.29233	68.1312	8.22305	2.74102	250.965	13.1338	8	0	-8	0	0	0	0	0	-0.000388309	-0.000388309	-0.000388309	-6064.88
101.4	3530.31	4620.3	864.525	7.2965	8.51633	0	45.0701	88.2964	5.2922	68.1307	8.22312	2.74104	264.099	13.1337	8	0	-8	0	0	0	0	0	-0.00038786	-0.00038786	-0.00038786	-6069.78
101.7	3530.2	4620.19	864.509	7.29644	8.51627	0	45.0687	88.2947	5.29207	68.1301	8.22318	2.74106	277.232	13.1336	8	0	-8	0	0	0	0	0	-0.000387736	-0.000387736	-0.000387736	-6069.65
102	3530.09	4620.08	864.492	7.29639	8.5162	0	45.0673	88.293	5.29195	68.1296	8.22325	2.74108	290.366	13.1335	8	0	-8	0	0	0	0	0	-0.000387959	-0.000387959	-0.000387959	-6069.44
102.3	3529.98	4619.97	864.475	7.29633	8.51613	0	45.0659	88.2913	5.29183	68.129	8.22331	2.7411	303.5	13.1334	8	0	-8	0	0	0	0	0	-0.000388515	-0.000388515	-0.000388515	-6067.33
102.6	3529.88	4619.87	864.459	7.29627	8.51607	0	45.0645	88.2897	5.29171	68.1285	8.22338	2.74113	316.633	13.1333	8	0	-8	0	0	0	0	0	-0.000389245	-0.000389245	-0.000389245	-6064.38
102.9	3529.77	4619.77	864.443	7.29622	8.516	0	45.0632	88.2881	5.29159	68.128	8.22344	2.74115	329.766	13.1332	8	0	-8	0	0	0	0	0	-0.000390005	-0.000390005	-0.000390005	-6061.96
103.2	3529.67	4619.67	864.429	7.29616	8.51594	0	45.0619	88.2866	5.29148	68.1275	8.2235	2.74117	342.9	13.1331	8	0	-8	0	0	0	0	0	-0.000390652	-0.000390652	-0.000390652	-6061.32
103.5	3529.57	4619.57	864.414	7.29611	8.51588	0	45.0606	88.2851	5.29137	68.127	8.22356	2.74119	356.033	13.133	8	0	-8	0	0	0	0	0	-0.000391025	-0.000391025	-0.000391025	-6063.24
103.8	3529.47	4619.47	864.4	7.29606	8.51582	0	45.0594	88.2837	5.29126	68.1265	8.22362	2.74121	9.16582	13.1329	8	0	-8	0	0	0	0	0	-0.000391067	-0.000391067	-0.000391067	-6067.81
104.1	3529.37	4619.38	864.387	7.29601	8.51576	0	45.0581	88.2823	5.29114	68.126	8.22368	2.74123	22.2988	13.1328	8	0	-8	0	0	0	0	0	-0.000390765	-0.000390765	-0.000390765	-6074.32
104.4	3529.27	4619.28	864.373	7.29596	8.5157	0	45.0569	88.2808	5.29104	68.1256	8.22373	2.74124	35.4316	13.1327	8	0	-8	0	0	0	0	0	-0.000390124	-0.000390124	-0.000390124	-6074.9
104.7	3529.18	4619.19	864.358	7.29591	8.51564	0	45.0557	88.2794	5.29093	68.1251	8.22379	2.74126	48.5644	13.1326	8	0	-8	0	0	0	0	0	-0.000389289	-0.000389289	-0.000389289	-6074.73
105	3529.09	4619.1	864.344	7.29586	8.51558	0	45.0545	88.2779	5.29083	68.1247	8.22384	2.74128	61.6971	13.1325	8	0	-8	0	0	0	0	0	-0.000388483	-0.000388483	-0.000388483	-6071.79
105.3	3528.99	4619	864.33	7.29581	8.51553	0	45.0533	88.2765	5.29072	68.1242	8.2239	2.7413	74.8297	13.1325	8	0	-8	0	0	0	0	0	-0.000387837	-0.000387837	-0.000387837	-6067.07
105.6	3528.89	4618.91	864.316	7.29577	8.51547	0	45.052	88.275	5.29061	68.1238	8.22395	2.74132	87.9622	13.1324	8	0	-8	0	0	0	0	0	-0.0003875	-0.0003875	-0.0003875	-6062.25
105.9	3528.8	4618.81	864.302	7.29572	8.51542	0	45.0508	88.2736	5.29049	68.1234	8.224	2.74133	101.095	13.1323	8	0	-8	0	0	0	0	0	-0.000387553	-0.000387553	-0.000387553	-6059.03
106.2	3528.7	4618.71	864.288	7.29567	8.51537	0	45.0495	88.2722	5.29038	68.1229	8.22405	2.74135	114.227	13.1322	8	0	-8	0	0	0	0	0	-0.000387948	-0.000387948	-0.000387948	-6058.74
106.5	3528.6	4618.6	864.275	7.29563	8.51531	0	45.0482	88.2709	5.29026	68.1225	8.2241	2.74137	127.359	13.1321	8	0	-8	0	0	0	0	0	-0.000388611	-0.000388611	-0.000388611	-6061.93
106.8	3528.5	4618.51	864.262	7.29558	8.51526	0	45.047	88.2696	5.29015	68.1221	8.22415	2.74138	140.491	13.1321	8	0	-8	0	0	0	0	0	-0.000389384	-0.000389384	-0.000389384	-6068.19
107.1	3528.41	4618.41	864.249	7.29554	8.51521	0	45.0458	88.2683	5.29004	68.1217	8.2242	2.7414	153.623	13.132	8	0	-8	0	0	0	0	0	-0.00039004	-0.00039004	-0.00039004	-6070.32
107.4	3528.32	4618.33	864.236	7.2955	8.51516	0	45.0447	88.2669	5.28994	68.1213	8.22425	2.74142	166.755	13.1319	8	0	-8	0	0	0	0	0	-0.000390443	-0.000390443	-0.000390443	-6072.08
107.7	3528.24	4618.24	864.224	7.29545	8.51511	0	45.0436	88.2656	5.28985	68.1209	8.2243	2.74143	179.887	13.1318	8	0	-8	0	0	0	0	0	-0.00039055	-0.00039055	-0.00039055	-6071.67
108	3528.16	4618.16	864.211	7.29541	8.51506	0	45.0426	88.2644	5.28976	68.1205	8.22435	2.74145	193.019	13.1317	8	0	-8	0	0	0	0	0	-0.00039032	-0.00039032	-0.00039032	-6069.39
108.3	3528.07	4618.08	864.199	7.29537	8.51501	0	45.0415	88.2631	5.28966	68.1201	8.22439	2.74146	206.151	13.1317	8	0	-8	0	0	0	0	0	-0.000389823	-0.000389823	-0.000389823	-6066.43
108.6	3527.99	4618	864.188	7.29533	8.51496	0	45.0405	88.2619	5.28957	68.1197	8.22444	2.74148	219.283	13.1316	8	0	-8	0	0	0	0	0	-0.000389187	-0.000389187	-0.000389187	-6064.2
108.9	3527.91	4617.92	864.176	7.29529	8.51492	0	45.0394	88.2608	5.28947	68.1193	8.22449	2.7415	232.414	13.1315	8	0	-8	0	0	0	0	0	-0.000388531	-0.000388531	-0.000388531	-6063.91
109.2	3527.82	4617.83	864.164	7.29525	8.51487	0	45.0383	88.2596	5.28937	68.119	8.22453	2.74151	245.546	13.1314	8	0	-8	0	0	0	0	0	-0.000388009	-0.000388009	-0.000388009	-6066.27
109.5	3527.73	4617.74	864.153	7.29521	8.51482	0	45.0372	88.2584	5.28927	68.1186	8.22457	2.74152	258.677	13.1314	8	0	-8	0	0	0	0	0	-0.000387718	-0.000387718	-0.000387718	-6071.16
109.8	3527.64	4617.65	864.141	7.29517	8.51478	0	45.0361	88.2572	5.28916	68.1182	8.22462	2.74154	271.809	13.1313	8	0	-8	0	0	0	0	0	-0.000387663	-0.000387663	-0.000387663	-6072.65
110.1	3527.56	4617.56	864.129	7.29513	8.51473	0	45.035	88.256	5.28906	68.1179	8.22466	2.74155	284.94	13.1312	8	0	-8	0	0	0	0	0	-0.000387843	-0.000387843	-0.000387843	-6073.17
110.4	3527.48	4617.48	864.117	7.29509	8.51469	0	45.0339	88.2547	5.28897	68.1175	8.22471	2.74157	298.071	13.1312	8	0	-8	0	0	0	0	0	-0.000388244	-0.000388244	-0.000388244	-6072.1
110.7	3527.4	4617.4	864.105	7.29506	8.51465	0	45.0329	88.2535	5.28888	68.1172	8.22475	2.74158	311.203	13.1311	8	0	-8	0	0	0	0	0	-0.000388757	-0.000388757	-0.000388757	-6069.56
111	3527.32	4617.32	864.094	7.29502	8.5146	0	45.0319	88.2524	5.28879	68.1168	8.22479	2.7416	324.334	13.131	8	0	-8	0	0	0	0	0	-0.000389284	-0.000389284	-0.000389284	-6066.79
111.3	3527.24	4617.24	864.083	7.29498	8.51456	0	45.0309	88.2513	5.2887	68.1165	8.22483	2.74161	337.465	13.131	8	0	-8	0	0	0	0	0	-0.000389729	-0.000389729	-0.000389729	-6065.14
111.6	3527.17	4617.17	864.073	7.29495	8.51452	0	45.03	88.2502	5.28861	68.1161	8.22487	2.74162	350.596	13.1309	8	0	-8	0	0	0	0	0	-0.000389985	-0.000389985	-0.000389985	-6065.66
111.9	3527.09	4617.09	864.062	7.29491	8.51448	0	45.029	88.2492	5.28852	68.1158	8.22491	2.74164	3.72678	13.1308	8	0	-8	0	0	0	0	0	-0.000390014	-0.000390014	-0.000390014	-6068.84
112.2	3527.02	4617.01	864.053	7.29488	8.51443	0	45.0281	88.2482	5.28844	68.1155	8.22495	2.74165	16.8576	13.1308	8	0	-8	0	0	0	0	0	-0.00038981	-0.00038981	-0.00038981	-6074.37
112.5	3526.94	4616.94	864.043	7.29484	8.51439	0	45.0271	88.2471	5.28835	68.1151	8.22499	2.74166	29.9885	13.1307	8	0	-8	0	0	0	0	0	-0.000389373	-0.000389373	-0.000389373	-6076.93
112.8	3526.87	4616.87	864.032	7.29481	8.51435	0	45.0262	88.2461	5.28827	68.1148	8.22503	2.74168	43.1192	13.1307	8	0	-8	0	0	0	0	0	-0.000388787	-0.000388787	-0.000388787	-6077.27
113.1	3526.8	4616.8	864.022	7.29477	8.51431	0	45.0253	88.245	5.28819	68.1145	8.22507	2.74169	56.2499	13.1306	8	0	-8	0	0	0	0	0	-0.000388203	-0.000388203	-0.000388203	-6075.71
113.4	3526.73	4616.73	864.011	7.29474	8.51427	0	45.0244	88.2439	5.28811	68.1142	8.22511	2.7417	69.3805	13.1305	8	0	-8	0	0	0	0	0	-0.000387734	-0.000387734	-0.000387734	-6071.99
113.7	3526.66	4616.66	864.001	7.29471	8.51424	0	45.0235	88.2429	5.28803	68.1139	8.22514	2.74171	82.5111	13.1305	8	0	-8	0	0	0	0	0	-0.00038748	-0.00038748	-0.00038748	-6067.52
114	3526.59	4616.58	863.991	7.29467	8.5142	0	45.0226	88.2419	5.28794	68.1136	8.22518	2.74173	95.6416	13.1304	8	0	-8	0	0	0	0	0	-0.000387506	-0.000387506	-0.000387506	-6063.98
114.3	3526.52	4616.51	863.981	7.29464	8.51416	0	45.0217	88.2409	5.28786	68.1133	8.22522	2.74174	108.772	13.1304	8	0	-8	0	0	0	0	0	-0.00038779	-0.00038779	-0.00038779	-6062.81
114.6	3526.45	4616.43	863.972	7.29461	8.51412	0	45.0207	88.2399	5.28777	68.113	8.22525	2.74175	121.902	13.1303	8	0	-8	0	0	0	0	0	-0.000388273	-0.000388273	-0.000388273	-6064.84
114.9	3526.37	4616.36	863.962	7.29458	8.51409	0	45.0198	88.239	5.28769	68.1127	8.22529	2.74176	135.033	13.1302	8	0	-8	0	0	0	0	0	-0.000388844	-0.000388844	-0.000388844	-6070.01
115.2	3526.3	4616.29	863.953	7.29455	8.51405	0	45.0189	88.238	5.28761	68.1124	8.22532	2.74177	148.163	13.1302	8	0	-8	0	0	0	0	0	-0.00038934	-0.00038934	-0.00038934	-6073.8
115.5	3526.24	4616.22	863.944	7.29451	8.51401	0	45.0181	88.2371	5.28753	68.1121	8.22536	2.74179	161.293	13.1301	8	0	-8	0	0	0	0	0	-0.00038964	-0.00038964	-0.00038964	-6075.32
115.8	3526.18	4616.16	863.934	7.29448	8.51398	0	45.0173	88.2361	5.28746	68.1118	8.22539	2.7418	174.423	13.1301	8	0	-8	0	0	0	0	0	-0.000389703	-0.000389703	-0.000389703	-6075.66
116.1	3526.12	4616.1	863.925	7.29445	8.51394	0	45.0166	88.2352	5.2874	68.1115	8.22543	2.74181	187.553	13.13	8	0	-8	0	0	0	0	0	-0.000389521	-0.000389521	-0.000389521	-6073.73
116.4	3526.06	4616.05	863.917	7.29442	8.51391	0	45.0158	88.2343	5.28733	68.1113	8.22546	2.74182	200.683	13.13	8	0	-8	0	0	0	0	0	-0.00038914	-0.00038914	-0.00038914	-6070.61
116.7	3526	4615.99	863.908	7.29439	8.51387	0	45.0151	88.2334	5.28726	68.111	8.22549	2.74183	213.813	13.1299	8	0	-8	0	0	0	0	0	-0.00038866	-0.00038866	-0.00038866	-6067.73
117	3525.94	4615.93	863.9	7.29437	8.51384	0	45.0143	88.2326	5.28719	68.1107	8.22553	2.74184	226.943	13.1299	8	0	-8	0	0	0	0	0	-0.000388185	-0.000388185	-0.000388185	-6066.46
117.3	3525.88	4615.86	863.892	7.29434	8.51381	0	45.0135	88.2317	5.28712	68.1105	8.22556	2.74185	240.073	13.1298	8	0	-8	0	0	0	0	0	-0.000387812	-0.000387812	-0.000387812	-6067.75
117.6	3525.81	4615.8	863.883	7.29431	8.51377	0	45.0127	88.2309	5.28704	68.1102	8.22559	2.74186	253.203	13.1298	8	0	-8	0	0	0	0	0	-0.000387624	-0.000387624	-0.000387624	-6071.81
117.9	3525.75	4615.73	863.875	7.29428	8.51374	0	45.0119	88.23	5.28697	68.1099	8.22562	2.74187	266.333	13.1297	8	0	-8	0	0	0	0	0	-0.000387621	-0.000387621	-0.000387621	-6075.28
118.2	3525.69	4615.67	863.866	7.29425	8.51371	0	45.0111	88.2292	5.28689	68.1097	8.22565	2.74188	279.463	13.1297	8	0	-8	0	0	0	0	0	-0.000387771	-0.000387771	-0.000387771	-6075.76
118.5	3525.63	4615.61	863.858	7.29423	8.51368	0	45.0103	88.2282	5.28683	68.1094	8.22568	2.74189	292.592	13.1296	8	0	-8	0	0	0	0	0	-0.000388055	-0.000388055	-0.000388055	-6075.81
118.8	3525.57	4615.55	863.849	7.2942	8.51365	0	45.0096	88.2274	5.28676	68.1092	8.22571	2.7419	305.722	13.1296	8	0	-8	0	0	0	0	0	-0.000388419	-0.000388419	-0.000388419	-6073.87
119.1	3525.52	4615.49	863.841	7.29417	8.51361	0	45.0089	88.2265	5.2867	68.1089	8.22574	2.74191	318.852	13.1295	8	0	-8	0	0	0	0	0	-0.000388778	-0.000388778	-0.000388778	-6071.02
119.4	3525.46	4615.44	863.833	7.29415	8.51358	0	45.0082	88.2257	5.28663	68.1087	8.22577	2.74192	331.981	13.1295	8	0	-8	0	0	0	0	0	-0.000389073	-0.000389073	-0.000389073	-6068.6
119.7	3525.41	4615.39	863.826	7.29412	8.51355	0	45.0075	88.225	5.28657	68.1084	8.2258	2.74193	345.111	13.1294	8	0	-8	0	0	0	0	0	-0.000389246	-0.000389246	-0.000389246	-6067.9
